-8.533742 14.419444 -20.350176
-5.0933623 14.42304 -23.665052
-4.8070116 14.423548 -23.937185
3.6713936 14.438135 -31.742744
4.824962 14.441367 -32.805687
15.26465 14.450165 -41.70001
16.566154 14.45448 -42.78785
23.413174 14.466561 -48.152508
25.610098 14.4693575 -49.80875
25.610098 14.4693575 -49.80875
30.458109 14.465664 -53.085106
32.563465 14.463603 -54.453995
41.37107 14.457114 -59.50034
47.216446 14.470015 -62.840466
48.952778 14.4767275 -63.83248
50.67067 14.481814 -64.78227
59.93841 14.493253 -69.412605
63.19667 14.502014 -71.248634
64.02724 14.4636 -70.955055
64.3254 14.466159 -71.16691
64.60596 14.469081 -71.375145
64.902664 14.47221 -71.59486
65.18747 14.474982 -71.800735
65.48581 14.4776 -72.01225
65.7733 14.479791 -72.21416
66.068825 14.48169 -72.4213
66.35317 14.483259 -72.620804
66.6684 14.4848175 -72.8424
66.95115 14.486123 -73.04156
67.3056 14.487713 -73.29163
67.577194 14.488968 -73.48351
67.86194 14.490347 -73.68484
68.16417 14.491893 -73.89865
68.45434 14.4934635 -74.10401
68.74928 14.495142 -74.31279
69.03148 14.496522 -74.51261
69.33013 14.497355 -74.724144
69.62103 14.497645 -74.93024
69.909386 14.49785 -75.13945
70.191536 14.49815 -75.35036
70.459404 14.498642 -75.55697
70.73856 14.499512 -75.77951
71.229904 14.502338 -76.19289
71.488304 14.504624 -76.42278
71.72195 14.507251 -76.639465
71.9778 14.510589 -76.887085
72.20426 14.513026 -77.11488
72.43587 14.51489 -77.356445
72.65683 14.516393 -77.59652
72.87706 14.517917 -77.84656
73.08337 14.519583 -78.09214
73.28421 14.52163 -78.34321
73.48381 14.524261 -78.60609
73.67166 14.52682 -78.85325
73.87115 14.529404 -79.10953
74.10278 14.532223 -79.399185
74.29598 14.53512 -79.649574
74.46828 14.537536 -79.882675
74.651535 14.539622 -80.14094
74.84294 14.5408535 -80.40688
75.02278 14.541343 -80.65008
75.21201 14.541583 -80.90277
75.40036 14.54176 -81.15309
75.58138 14.541996 -81.39344
75.77323 14.542366 -81.64829
75.95675 14.542863 -81.892296
76.14657 14.543818 -82.1526
76.31799 14.54423 -82.39467
76.641716 14.542781 -82.869736
76.809 14.54003 -83.12428
76.968094 14.536659 -83.374756
77.1246 14.533004 -83.63107
77.26489 14.529726 -83.87129
77.40726 14.5266485 -84.12718
77.54233 14.524181 -84.383965
77.67165 14.522424 -84.64548
77.79499 14.521461 -84.91255
77.905334 14.52156 -85.17093
78.00426 14.522682 -85.42293
78.104645 14.524984 -85.703636
78.18936 14.526863 -85.96534
78.26754 14.528543 -86.236046
78.33469 14.530413 -86.50326
78.393875 14.532728 -86.779564
78.44115 14.535402 -87.04507
78.4787 14.538523 -87.30568
78.5256 14.546498 -87.79879
78.539505 14.552498 -88.0876
78.54349 14.559071 -88.36399
78.53859 14.567163 -88.64042
78.525734 14.576415 -88.90319
78.50278 14.588474 -89.16677
78.46702 14.605018 -89.44846
78.376724 14.642216 -89.94499
78.31891 14.663425 -90.197784
78.24979 14.686619 -90.46432
78.18162 14.7092085 -90.724396
78.11528 14.731467 -90.98596
78.04942 14.753594 -91.2537
77.98673 14.774705 -91.51759
77.9248 14.795823 -91.79002
77.86969 14.815113 -92.04626
77.81446 14.836071 -92.31661
77.75902 14.858935 -92.596405
77.69966 14.88599 -92.899376
77.64716 14.91207 -93.16799
77.59299 14.940336 -93.444786
77.533844 14.971899 -93.74619
77.48175 14.999745 -94.01089
77.42696 15.028775 -94.288605
77.36804 15.059597 -94.58665
77.311806 15.088518 -94.870575
77.255104 15.117102 -95.15645
77.19862 15.146371 -95.441154
77.141014 15.184879 -95.733505
77.087814 15.228114 -96.005066
77.0322 15.277778 -96.289925
76.97062 15.337204 -96.606445
76.919785 15.390123 -96.86893
76.86361 15.460337 -97.11793
76.803925 15.538121 -97.37704
76.74656 15.612031 -97.629585
76.68703 15.688271 -97.893234
76.632126 15.757329 -98.1366
76.57334 15.832537 -98.39767
76.51856 15.900782 -98.64047
76.460495 15.969846 -98.89689
76.40304 16.034935 -99.14853
76.34394 16.100666 -99.40337
76.288315 16.161976 -99.63995
76.22851 16.227455 -99.89163
76.16738 16.294054 -100.14657
76.107445 16.359121 -100.39467
76.04654 16.424402 -100.64517
75.98904 16.484066 -100.880394
75.92743 16.54535 -101.13196
75.87092 16.59848 -101.36237
75.80994 16.651846 -101.61029
75.74684 16.701965 -101.86584
75.68586 16.747585 -102.11235
75.625465 16.792812 -102.35639
75.56299 16.840593 -102.608055
75.50172 16.889174 -102.854416
75.440216 16.94718 -103.10343
75.381966 17.011393 -103.26826
75.32839 17.079386 -103.42377
75.27844 17.14978 -103.58352
75.232704 17.217546 -103.73769
75.186005 17.297598 -103.8999
75.14254 17.372736 -104.05069
75.098465 17.445883 -104.20178
75.05685 17.511152 -104.34247
75.00957 17.579624 -104.500206
74.96487 17.638386 -104.64857
74.92061 17.690828 -104.7938
74.874565 17.740124 -104.94305
74.82722 17.78594 -105.09466
74.781876 17.825596 -105.23741
74.735435 17.862537 -105.38075
74.68546 17.898846 -105.53261
74.63538 17.932035 -105.68305
74.58398 17.963799 -105.83634
74.535 17.991865 -105.98153
74.483795 18.018711 -106.13268
74.43562 18.047115 -106.27738
74.38831 18.07892 -106.42162
74.33823 18.116245 -106.57573
74.29041 18.155075 -106.72376
74.24342 18.196043 -106.8699
74.15201 18.283453 -107.15558
74.103615 18.333843 -107.307465
74.055725 18.386642 -107.45818
74.011246 18.438417 -107.59853
73.91285 18.550539 -107.87667
73.84529 18.614742 -108.01651
73.77808 18.673473 -108.13871
73.69961 18.737484 -108.272026
73.57009 18.832928 -108.47973
73.49278 18.884727 -108.59794
73.40682 18.938025 -108.72318
73.25065 19.02441 -108.93052
73.15911 19.070553 -109.041435
73.064476 19.115643 -109.14893
72.96858 19.159164 -109.25121
72.875694 19.199636 -109.34455
72.77731 19.241148 -109.43836
72.67073 19.284895 -109.53507
72.56729 19.32607 -109.62455
72.4606 19.367037 -109.7129
72.35449 19.406387 -109.79707
72.23485 19.44935 -109.88797
72.03059 19.525791 -110.055176
71.92198 19.56884 -110.15283
71.821724 19.610462 -110.24958
71.729416 19.650654 -110.34507
71.63768 19.691887 -110.44429
71.54858 19.732674 -110.54303
71.45116 19.777714 -110.65235
71.36574 19.817417 -110.74884
71.27278 19.86073 -110.85414
71.17786 19.905012 -110.96181
71.087975 19.946976 -111.06382
70.99283 19.99141 -111.17183
70.90047 20.034555 -111.276665
70.71732 20.120132 -111.48455
70.617294 20.166876 -111.5981
70.522804 20.211018 -111.70535
70.428314 20.255163 -111.81264
70.33405 20.29919 -111.919655
70.23591 20.345028 -112.03109
70.138885 20.390337 -112.141266
70.04249 20.435051 -112.25078
69.95057 20.477116 -112.355286
69.8487 20.523298 -112.47117
69.750046 20.56778 -112.58343
69.65277 20.61149 -112.694145
69.5548 20.655464 -112.80569
69.36134 20.742367 -113.02594
69.26105 20.78752 -113.14014
69.15575 20.835007 -113.26003
69.059166 20.876823 -113.36354
68.95211 20.920933 -113.47012
68.84234 20.963774 -113.570854
68.73146 21.004704 -113.66419
68.61745 21.044472 -113.75185
68.510735 21.08282 -113.83789
68.40499 21.122559 -113.92942
68.30322 21.162384 -114.02326
68.20033 21.203661 -114.12182
68.101265 21.243979 -114.21865
67.99938 21.285778 -114.31926
67.89425 21.329103 -114.42361
67.79487 21.370144 -114.5225
67.69555 21.411186 -114.62144
67.58322 21.457617 -114.7334
67.48474 21.49832 -114.83157
67.38042 21.54144 -114.9356
67.27733 21.584036 -115.03838
67.17757 21.625248 -115.137856
67.07037 21.669523 -115.244736
66.968124 21.711756 -115.34672
66.85514 21.756329 -115.45969
66.74944 21.795923 -115.565674
66.642235 21.834717 -115.673386
66.53711 21.871916 -115.77912
66.42361 21.911556 -115.89337
66.31614 21.948864 -116.001595
66.21124 21.985306 -116.10722
66.10154 22.023605 -116.2177
65.983315 22.065203 -116.336716
65.874084 22.103985 -116.44664
65.767044 22.1423 -116.55433
65.649956 22.184496 -116.672104
65.53795 22.2251 -116.78476
65.42757 22.265242 -116.89576
65.31338 22.306826 -117.0106
65.08121 22.39133 -117.24415
64.96231 22.43453 -117.36378
64.84239 22.478039 -117.48447
64.727 22.519857 -117.60061
64.613716 22.56088 -117.71465
64.48892 22.606052 -117.84031
64.378136 22.646141 -117.95186
64.25764 22.687796 -118.073204
64.13408 22.72835 -118.197975
64.010414 22.767637 -118.32318
63.8973 22.802723 -118.43789
63.76945 22.841858 -118.56767
63.648506 22.878696 -118.69052
63.50421 22.922737 -118.837105
63.395 22.95629 -118.948044
63.27609 22.993055 -119.06882
63.146896 23.033281 -119.20001
63.024105 23.071754 -119.32469
62.897568 23.111576 -119.45317
62.77306 23.150864 -119.579575
62.643852 23.191689 -119.71076
62.5118 23.23343 -119.84486
62.382195 23.274391 -119.97647
62.251205 23.315767 -120.10952
62.118637 23.35764 -120.24419
61.988956 23.39859 -120.37593
61.725895 23.481646 -120.643234
61.588795 23.52492 -120.78256
61.460125 23.564146 -120.90719
61.314953 23.60643 -121.03973
61.174515 23.64518 -121.15973
61.03251 23.68238 -121.273186
60.887157 23.717419 -121.38755
60.74309 23.74887 -121.500336
60.598232 23.777262 -121.61302
60.45762 23.802794 -121.72342
60.3145 23.82789 -121.83866
60.163136 23.854483 -121.96543
60.019928 23.880087 -122.08873
59.882423 23.905289 -122.20861
59.741966 23.931784 -122.3317
59.598347 23.959713 -122.457825
59.444614 23.990505 -122.592865
59.30418 24.019365 -122.71618
59.151432 24.051332 -122.850235
59.01199 24.080853 -122.97256
58.854656 24.11431 -123.11054
58.70895 24.145292 -123.238335
58.553867 24.178179 -123.37436
58.408478 24.20889 -123.50191
58.248474 24.242554 -123.6423
58.093254 24.275085 -123.77854
57.787605 24.33236 -124.046875
57.63227 24.356903 -124.18341
57.461506 24.380207 -124.33372
57.315475 24.39709 -124.462425
57.153584 24.414398 -124.60611
57.000736 24.430473 -124.74249
56.835777 24.44841 -124.89006
56.678505 24.466578 -125.0309
56.516323 24.486555 -125.17614
56.356388 24.507444 -125.319336
56.185814 24.530764 -125.472
56.025085 24.55344 -125.61581
55.855156 24.577774 -125.767845
55.685204 24.602234 -125.91992
55.516846 24.626436 -126.0706
55.345993 24.650885 -126.22357
55.179005 24.674639 -126.373116
55.006393 24.69906 -126.52773
54.841183 24.721588 -126.675865
54.665314 24.7448 -126.83368
54.4856 24.768007 -126.99505
54.303417 24.788776 -127.158676
54.12283 24.806028 -127.320915
53.94984 24.81949 -127.47633
53.770065 24.830454 -127.63785
53.59513 24.838217 -127.79513
53.232456 24.84828 -128.12239
53.04253 24.85292 -128.29439
52.867825 24.857937 -128.4526
52.675068 24.864733 -128.62704
52.49522 24.872488 -128.78961
52.299133 24.882378 -128.96663
52.106907 24.893343 -129.13998
51.921852 24.904789 -129.30673
51.720627 24.917767 -129.48799
51.52673 24.92841 -129.66261
51.33014 24.93659 -129.83969
51.136612 24.94123 -130.01419
50.939167 24.941687 -130.19254
50.745327 24.938143 -130.36795
50.542145 24.930767 -130.55212
50.351135 24.921423 -130.72606
50.13931 24.910658 -130.92017
49.93809 24.901257 -131.1054
49.538864 24.886717 -131.47379
49.33587 24.881517 -131.66121
49.138927 24.877634 -131.843
48.93863 24.874468 -132.02791
48.74086 24.871756 -132.21045
48.53997 24.869152 -132.3959
48.329052 24.865637 -132.59074
48.12354 24.860493 -132.78088
47.92587 24.854305 -132.96396
47.73339 24.84529 -133.14232
47.52299 24.831924 -133.33736
47.321335 24.815731 -133.5243
47.122112 24.797237 -133.70964
46.91672 24.7766 -133.90125
46.71393 24.755484 -134.09067
46.517483 24.734991 -134.27422
46.314728 24.714287 -134.46361
46.112995 24.694443 -134.65193
45.917408 24.676056 -134.83438
45.699356 24.656221 -135.0295
45.294273 24.620308 -135.36374
45.073563 24.600754 -135.53212
44.876118 24.581684 -135.6867
44.662228 24.558819 -135.86134
44.450146 24.531944 -136.03842
44.2556 24.503462 -136.2036
44.059414 24.472363 -136.37064
43.85604 24.438856 -136.54353
43.651157 24.404768 -136.7173
43.434593 24.369097 -136.90048
43.238018 24.337444 -137.06635
43.034172 24.305471 -137.23798
42.825745 24.27366 -137.41318
42.40065 24.210896 -137.76988
42.196823 24.181372 -137.94073
41.980732 24.15022 -138.12181
41.77411 24.120468 -138.29494
41.562115 24.088348 -138.47278
41.35484 24.055563 -138.64685
41.146427 24.020065 -138.82224
40.935555 23.981966 -139.00003
40.720516 23.94162 -139.18155
40.510048 23.901304 -139.35934
40.29766 23.86023 -139.5388
40.08771 23.819546 -139.71623
39.87126 23.77776 -139.89914
39.445244 23.69664 -140.2387
39.221134 23.65458 -140.40508
38.999653 23.613283 -140.57373
38.791344 23.574661 -140.73651
38.57517 23.534733 -140.90747
38.366333 23.49625 -141.07353
38.13928 23.452505 -141.25476
37.934757 23.411503 -141.41833
37.71041 23.364508 -141.59804
37.493473 23.317427 -141.772
37.275753 23.269236 -141.94666
37.05458 23.219852 -142.12411
36.837643 23.171328 -142.29814
36.614178 23.121487 -142.47736
36.39719 23.07337 -142.65134
36.182144 23.026007 -142.82368
35.96653 22.97884 -142.99646
35.72762 22.926899 -143.18785
35.519913 22.881964 -143.35422
35.29652 22.833788 -143.53313
35.06312 22.783564 -143.72005
34.840935 22.734735 -143.89812
34.612564 22.683603 -144.08127
34.389458 22.632204 -144.26042
34.16041 22.578224 -144.44452
33.929157 22.52293 -144.6305
33.467922 22.411627 -145.00159
33.253147 22.35971 -145.1744
33.014835 22.30222 -145.36615
32.788883 22.247898 -145.54794
32.551926 22.191149 -145.73856
32.31956 22.135721 -145.92545
32.084484 22.079834 -146.1145
31.850931 22.024448 -146.30232
31.608541 21.966644 -146.4973
31.377491 21.910679 -146.68329
31.15122 21.854664 -146.86557
30.914026 21.794964 -147.05681
30.663727 21.731247 -147.25871
30.42523 21.670141 -147.45117
30.188782 21.609396 -147.64198
29.945648 21.546915 -147.83821
29.715212 21.487774 -148.02417
29.46315 21.423227 -148.22758
29.222971 21.361893 -148.42139
28.981527 21.300394 -148.61618
28.735374 21.23783 -148.81477
28.48664 21.174707 -149.01544
28.245039 21.112803 -149.21045
28.000013 21.049492 -149.4083
27.752457 20.985062 -149.60825
27.510746 20.92206 -149.79823
27.226002 20.847965 -150.01414
26.998142 20.788486 -150.18932
26.76231 20.726841 -150.3727
26.512762 20.6616 -150.5679
26.24621 20.591963 -150.77696
25.991705 20.525543 -150.97673
25.741909 20.460438 -151.17282
25.49016 20.394896 -151.3704
25.235628 20.328686 -151.57011
24.982813 20.26283 -151.76845
24.734701 20.198114 -151.96307
24.469585 20.12877 -152.17104
24.2144 20.061853 -152.37122
23.70244 19.927355 -152.77281
23.433434 19.856623 -152.98383
23.17002 19.787355 -153.19048
22.908176 19.71851 -153.39587
22.64585 19.649559 -153.60165
22.386839 19.581516 -153.80482
22.12357 19.5124 -154.01134
21.84626 19.439642 -154.22888
21.599035 19.374672 -154.42282
21.332342 19.304977 -154.62608
21.062233 19.234976 -154.82414
20.774168 19.160967 -155.02684
20.510824 19.093882 -155.2041
20.211473 19.018175 -155.39693
19.947536 18.951872 -155.55872
19.65898 18.87931 -155.73856
19.401703 18.814411 -155.90347
19.12256 18.743805 -156.08598
18.843958 18.673225 -156.27002
18.551403 18.599068 -156.46388
18.275715 18.529308 -156.64656
18.009762 18.462296 -156.82256
17.729147 18.392233 -157.00798
17.432207 18.318825 -157.20389
17.148628 18.249264 -157.39073
16.879103 18.183466 -157.56819
16.502901 18.09184 -157.81572
16.018335 17.973806 -158.13441
15.728161 17.903025 -158.32524
15.434002 17.83118 -158.51866
15.1411915 17.759571 -158.7112
14.852828 17.68897 -158.90082
14.554436 17.616264 -159.09698
14.274194 17.549147 -159.2811
13.985603 17.481222 -159.4706
13.670624 17.40817 -159.67729
13.389957 17.343763 -159.86142
13.085694 17.274265 -160.06099
12.702151 17.186735 -160.31256
12.194712 17.070616 -160.64542
11.881745 16.998734 -160.85075
11.60192 16.93428 -161.03435
11.278331 16.860273 -161.24663
10.995213 16.797262 -161.43217
10.669628 16.72686 -161.64536
10.373457 16.664564 -161.8391
10.071641 16.602264 -162.0364
9.750202 16.536686 -162.24648
9.451914 16.476177 -162.43575
9.134179 16.411795 -162.63055
8.8355665 16.351196 -162.80725
8.517453 16.28648 -162.98885
8.210982 16.223972 -163.15698
7.8757567 16.155844 -163.34338
7.5365863 16.089003 -163.53702
7.2311444 16.030987 -163.71349
6.9258003 15.974619 -163.89035
6.6206913 15.9193945 -164.06705
6.3049774 15.862851 -164.24966
5.9876537 15.806197 -164.43298
5.6806674 15.751283 -164.6101
5.3637176 15.694347 -164.79285
4.71936 15.5777 -165.16406
4.4175215 15.522681 -165.33788
4.0971203 15.46588 -165.52219
3.4234667 15.356533 -165.90878
3.0907474 15.306912 -166.09933
2.7646322 15.259981 -166.28596
2.4439116 15.214555 -166.46944
2.0960188 15.165394 -166.66846
1.7424082 15.115104 -166.8708
1.4252585 15.0695095 -167.05234
1.0792521 15.019221 -167.25046
0.73151 14.970026 -167.44945
0.37369388 14.922549 -167.6466
0.019641355 14.87868 -167.83186
-0.6761692 14.7984495 -168.16841
-1.0583258 14.755748 -168.33882
-1.3987174 14.717852 -168.49258
-1.7569474 14.67776 -168.65869
-2.114244 14.637354 -168.82747
-2.4726605 14.596324 -168.998
-2.807201 14.558101 -169.15726
-3.1725886 14.519479 -169.33069
-3.5155706 14.486834 -169.49284
-3.8810136 14.455441 -169.66501
-4.2865424 14.424168 -169.85545
-4.6031947 14.402338 -170.00377
-4.9406056 14.381123 -170.16153
-5.3204656 14.359674 -170.33887
-5.6770015 14.341996 -170.50505
-6.037769 14.325762 -170.67307
-6.3971753 14.309807 -170.8404
-6.735466 14.296689 -170.99773
-7.0939703 14.285081 -171.16429
-7.467077 14.27532 -171.33746
-7.8167744 14.268315 -171.49962
-8.193596 14.26309 -171.6742
-8.534446 14.259418 -171.83203
-8.901065 14.254978 -171.99774
-9.26438 14.249263 -172.15637
-9.6420555 14.241684 -172.31502
-10.001126 14.232891 -172.45932
-10.3635645 14.223207 -172.59819
-10.7144375 14.214774 -172.72198
-11.073318 14.208388 -172.85393
-11.430459 14.20417 -172.99008
-11.791012 14.201538 -173.1294
-12.132276 14.199962 -173.26167
-12.490237 14.1986685 -173.40031
-12.8436165 14.197366 -173.53691
-13.203854 14.195763 -173.67587
-13.5531845 14.193805 -173.8104
-13.916844 14.191335 -173.95024
-14.24854 14.190447 -174.07759
-14.614069 14.191192 -174.2177
-14.970914 14.193363 -174.35431
-15.330581 14.196404 -174.4919
-15.682428 14.199667 -174.62643
-16.049593 14.203009 -174.76683
-16.39404 14.205925 -174.89851
-16.74816 14.208665 -175.03392
-17.104416 14.210886 -175.16534
-17.443142 14.212458 -175.28452
-17.79794 14.213599 -175.40324
-18.16699 14.214307 -175.5198
-18.500391 14.214644 -175.61816
-18.851456 14.214736 -175.71455
-19.20085 14.214542 -175.80278
-19.574404 14.213987 -175.88852
-19.905664 14.213122 -175.95653
-20.260279 14.211777 -176.02121
-20.619905 14.21047 -176.08769
-20.94489 14.209434 -176.15099
-21.296621 14.208455 -176.22293
-21.643206 14.207584 -176.29604
-21.99143 14.206742 -176.37021
-22.34133 14.206045 -176.44467
-22.672358 14.20553 -176.51483
-23.018381 14.205074 -176.58783
-23.38194 14.204627 -176.66418
-23.726406 14.204212 -176.7363
-24.07068 14.203789 -176.80817
-24.766422 14.202883 -176.9531
-25.10337 14.20242 -177.02321
-25.475052 14.2018795 -177.1005
-25.817333 14.201355 -177.17165
-26.181202 14.200792 -177.2473
-26.538153 14.200251 -177.32149
-27.038664 14.199693 -177.42459
-27.651194 14.198664 -177.53651
-28.000257 14.197765 -177.59232
-28.34498 14.196599 -177.64151
-28.70528 14.195048 -177.68651
-29.079618 14.19304 -177.72598
-29.441713 14.190665 -177.75667
-29.803679 14.187858 -177.77972
-30.14265 14.184807 -177.79404
-30.50205 14.181185 -177.8015
-30.884884 14.177499 -177.81023
-31.235392 14.174406 -177.82167
-31.586054 14.1715355 -177.83647
-31.972336 14.168525 -177.85492
-32.314056 14.165931 -177.87183
-32.683228 14.163159 -177.88997
-33.07783 14.160188 -177.90903
-33.447777 14.157378 -177.92651
-33.824154 14.154495 -177.944
-34.195557 14.15163 -177.961
-34.585724 14.148602 -177.97868
-34.96477 14.145644 -177.99573
-35.33062 14.142982 -178.0121
-35.732243 14.140304 -178.03001
-36.109135 14.138001 -178.04677
-36.4964 14.135791 -178.06395
-36.89106 14.133632 -178.08145
-37.307762 14.1314 -178.09991
-37.702297 14.129274 -178.11742
-38.10182 14.12708 -178.13513
-38.504837 14.124824 -178.15303
-38.894577 14.122683 -178.17032
-39.30653 14.1205845 -178.18861
-39.73204 14.118603 -178.2075
-40.123844 14.116908 -178.2249
-40.543453 14.115167 -178.24353
-40.973553 14.113417 -178.26265
-41.394485 14.111695 -178.28137
-41.883617 14.109671 -178.30313
-42.225044 14.108241 -178.31833
-42.641094 14.106485 -178.33688
-43.070496 14.104659 -178.35602
-43.49789 14.1029215 -178.37509
-43.93052 14.101391 -178.39438
-44.387493 14.100049 -178.41475
-44.800743 14.099069 -178.43317
-45.25365 14.098179 -178.45335
-45.712284 14.097389 -178.4738
-46.1511 14.096671 -178.49338
-46.587585 14.095923 -178.51286
-47.04597 14.095079 -178.53334
-47.559868 14.094309 -178.5563
-47.94288 14.093937 -178.57341
-48.38966 14.093653 -178.59337
-48.82961 14.093492 -178.61304
-49.304214 14.0933895 -178.63426
-49.779125 14.093315 -178.6555
-50.223793 14.093241 -178.6754
-50.69493 14.093118 -178.6965
-51.147594 14.092945 -178.71678
-51.647507 14.092738 -178.73921
-52.094402 14.09282 -178.75925
-52.563957 14.093229 -178.7803
-53.05544 14.09399 -178.80232
-53.67029 14.095308 -178.82988
-54.48904 14.097384 -178.86658
-54.981968 14.098622 -178.88867
-55.454536 14.0997305 -178.90988
-55.967278 14.101167 -178.9329
-56.434288 14.102551 -178.94958
-56.93565 14.103967 -178.96178
-57.429783 14.105169 -178.96751
-57.913376 14.106071 -178.96664
-58.398994 14.106631 -178.95888
-58.87564 14.106755 -178.94408
-59.33354 14.106432 -178.92268
-59.84102 14.106142 -178.9003
-60.414017 14.106453 -178.8794
-60.816223 14.10711 -178.86575
-61.303905 14.1082115 -178.84894
-61.760075 14.109492 -178.83266
-62.252552 14.11102 -178.81444
-62.778008 14.112662 -178.79437
-63.266964 14.114116 -178.7752
-63.764435 14.115492 -178.7554
-64.2642 14.117265 -178.73523
-64.76415 14.1194725 -178.71487
-65.248215 14.121912 -178.69502
-65.756805 14.124645 -178.67412
-66.32134 14.127753 -178.65083
-66.90181 14.130892 -178.62688
-67.81754 14.135618 -178.58907
-68.31992 14.1383 -178.56831
-68.86325 14.141452 -178.54588
-69.37131 14.144385 -178.52032
-69.906525 14.147322 -178.48724
-70.393524 14.14978 -178.45117
-70.923416 14.152169 -178.4054
-71.43571 14.154128 -178.35399
-71.9228 14.155617 -178.29814
-72.43086 14.156945 -178.2323
-73.07439 14.1583605 -178.13744
-73.557014 14.159128 -178.0566
-73.94658 14.15946 -177.98436
-74.426 14.159519 -177.8885
-74.95232 14.159564 -177.78326
-75.445915 14.159681 -177.68727
-75.94315 14.159784 -177.59164
-76.448746 14.159912 -177.494
-76.9397 14.160064 -177.39824
-77.459625 14.16024 -177.29576
-77.962296 14.160398 -177.1958
-78.47248 14.1605215 -177.09366
-78.9756 14.160602 -176.99242
-79.49591 14.160646 -176.88736
-80.016624 14.160661 -176.78197
-80.51214 14.160659 -176.68152
-81.07074 14.160646 -176.56816
-81.556145 14.160629 -176.46959
-82.11073 14.160606 -176.35693
-82.61174 14.160579 -176.25513
-83.135994 14.1605425 -176.14859
-83.669334 14.160505 -176.0402
-84.22468 14.160469 -175.92735
-84.75986 14.160439 -175.8186
-85.28231 14.160421 -175.71245
-85.84548 14.160419 -175.59802
-86.38581 14.160434 -175.48825
-86.91491 14.16046 -175.38077
-87.45524 14.160501 -175.27101
-88.00363 14.160551 -175.15962
-88.59137 14.160611 -175.04025
-89.12107 14.160682 -174.9327
-89.69546 14.160782 -174.81607
-90.23939 14.160895 -174.70563
-90.823944 14.161031 -174.58694
-91.33958 14.161157 -174.48227
-91.9389 14.161312 -174.36063
-92.48849 14.161458 -174.24908
-93.05466 14.161619 -174.13419
-93.63219 14.161891 -174.017
-94.186195 14.162281 -173.90457
-94.808945 14.162847 -173.77821
-95.33855 14.163415 -173.67076
-95.92706 14.164099 -173.55136
-96.53676 14.164829 -173.42767
-97.14211 14.165555 -173.30487
-97.67281 14.166393 -173.19722
-98.275314 14.167571 -173.07501
-98.84977 14.168883 -172.95848
-99.437164 14.1701145 -172.83499
-100.047195 14.171119 -172.70052
-100.62846 14.1717415 -172.56595
-101.24762 14.17201 -172.41537
-101.795166 14.171984 -172.27502
-102.35417 14.172163 -172.1339
-102.9593 14.172509 -171.98315
-103.53744 14.172845 -171.83925
-104.10296 14.173138 -171.69786
-104.70061 14.173406 -171.54759
-105.28657 14.17363 -171.39948
-105.87916 14.173817 -171.24907
-106.46738 14.173965 -171.0993
-107.07805 14.174088 -170.94348
-107.67419 14.174179 -170.79114
-108.24193 14.174246 -170.6459
-108.92728 14.174316 -170.47049
-109.47003 14.174371 -170.3315
-110.08951 14.174449 -170.17282
-110.66292 14.174543 -170.02592
-111.306015 14.174674 -169.86118
-111.92592 14.17482 -169.70236
-112.53711 14.174982 -169.54578
-113.143364 14.175159 -169.39046
-113.76214 14.175366 -169.23193
-114.351776 14.175622 -169.0809
-114.97695 14.175956 -168.92076
-115.63738 14.176365 -168.7516
-116.25998 14.176787 -168.59213
-117.047905 14.17736 -168.39035
-117.633575 14.177798 -168.24036
-118.158035 14.178231 -168.10606
-118.790665 14.178853 -167.94406
-119.39384 14.179547 -167.78963
-120.03528 14.180363 -167.6254
-120.7065 14.181276 -167.45355
-121.367134 14.182209 -167.28442
-122.00723 14.183121 -167.12056
-122.63735 14.18422 -166.95926
-123.29015 14.185592 -166.79214
-123.93768 14.187142 -166.62639
-124.61692 14.188907 -166.45251
-125.26787 14.190669 -166.2859
-125.9329 14.192254 -166.11093
-126.539955 14.193563 -165.94566
-127.23659 14.194893 -165.74944
-127.85586 14.196219 -165.57635
-128.5136 14.197716 -165.3938
-129.17825 14.199216 -165.2093
-129.83325 14.200638 -165.02695
-130.4986 14.202025 -164.84108
-131.1475 14.203327 -164.65924
-131.78853 14.204569 -164.47919
-132.49734 14.205901 -164.27974
-133.15482 14.207108 -164.0945
-133.81897 14.208302 -163.90721
-134.48294 14.209482 -163.71986
-135.16286 14.21072 -163.52795
-135.82533 14.211969 -163.34093
-136.48271 14.213037 -163.1509
-137.16898 14.213871 -162.9464
-137.81912 14.214361 -162.74626
-138.49763 14.214562 -162.53032
-139.18298 14.214564 -162.30377
-139.84213 14.21438 -162.07697
-140.46983 14.214466 -161.86241
-141.14037 14.214721 -161.63423
-141.81258 14.215005 -161.40462
-142.4775 14.215254 -161.17604
-143.09825 14.215627 -160.9613
-143.8067 14.216196 -160.71501
-144.4599 14.216813 -160.48697
-145.12616 14.217459 -160.25372
-145.80528 14.218077 -160.01549
-146.47752 14.218634 -159.77936
-147.13512 14.219246 -159.54816
-147.79744 14.219961 -159.31514
-148.47675 14.220783 -159.07607
-149.1833 14.22171 -158.82733
-149.87961 14.2226715 -158.58217
-150.52838 14.223621 -158.35373
-151.45836 14.225127 -158.02565
-152.10359 14.226024 -157.7926
-152.78342 14.226727 -157.54086
-153.46626 14.22712 -157.28119
-154.12622 14.227154 -157.02318
-154.7969 14.2268095 -156.75294
-155.48877 14.2260685 -156.46474
-156.10625 14.225078 -156.19937
-156.78023 14.223601 -155.90005
-157.43219 14.222333 -155.61316
-158.10406 14.221003 -155.31717
-158.73221 14.219741 -155.03879
-159.42451 14.2183 -154.72974
-160.566 14.215865 -154.21605
-161.25105 14.214355 -153.90605
-161.89363 14.212905 -153.61447
-162.57533 14.211322 -153.30455
-163.23264 14.210077 -153.00528
-163.94402 14.209119 -152.68109
-164.60983 14.20855 -152.37746
-165.29103 14.208209 -152.0667
-165.9377 14.208009 -151.77164
-166.62291 14.208138 -151.4589
-167.34238 14.208663 -151.13051
-167.99265 14.209371 -150.83368
-168.70294 14.21025 -150.50943
-170.09827 14.21187 -149.87251
-170.81488 14.212578 -149.54543
-171.48087 14.21316 -149.24146
-172.20737 14.213727 -148.9099
-173.5718 14.214642 -148.28723
-174.26924 14.215057 -147.96896
-174.94969 14.215447 -147.65846
-175.66171 14.215851 -147.33356
-176.35307 14.216247 -147.01807
-177.0629 14.21666 -146.69417
-177.72923 14.216858 -146.3854
-178.4252 14.217052 -146.05603
-179.29279 14.217351 -145.63461
-179.98509 14.21757 -145.28787
-180.63911 14.217669 -144.9515
-181.2989 14.217553 -144.60263
-181.97014 14.217513 -144.23824
-182.62862 14.21807 -143.88354
-183.26428 14.218859 -143.54054
-183.91107 14.219718 -143.1895
-184.60417 14.22058 -142.81087
-185.21188 14.221207 -142.4772
-185.86458 14.221836 -142.1173
-186.39757 14.222298 -141.82248
-187.01468 14.222779 -141.4805
-187.66545 14.223224 -141.11928
-188.32788 14.223606 -140.75114
-188.95331 14.223919 -140.4033
-189.60316 14.224222 -140.04167
-190.25015 14.224519 -139.68153
-190.92303 14.224833 -139.30687
-191.55252 14.22493 -138.9515
-192.21396 14.224738 -138.57137
-192.83963 14.224239 -138.2046
-193.47444 14.223692 -137.82397
-194.08733 14.223181 -137.44722
-194.6959 14.22263 -137.06332
-195.31339 14.2219305 -136.66312
-195.9195 14.220971 -136.25906
-196.50363 14.219945 -135.85847
-197.11073 14.2189045 -135.42975
-197.6684 14.218324 -135.03511
-198.24936 14.217927 -134.62395
-198.86763 14.217507 -134.18417
-199.43248 14.217004 -133.77972
-200.02762 14.216446 -133.35112
-200.60014 14.21598 -132.93681
-201.18715 14.215547 -132.51053
-201.76303 14.215123 -132.09125
-202.33434 14.214674 -131.67458
-202.92648 14.214161 -131.24219
-203.63354 14.213603 -130.7254
-204.23393 14.213237 -130.28632
-204.79803 14.21296 -129.87363
-205.40515 14.212702 -129.42935
-205.9574 14.212477 -129.02519
-206.53896 14.212267 -128.59953
-207.14003 14.212216 -128.15869
-207.69249 14.212209 -127.7463
-208.27155 14.212192 -127.30563
-208.82022 14.212091 -126.87974
-209.40671 14.211775 -126.41415
-209.89264 14.211319 -126.02037
-210.30779 14.210981 -125.676186
-211.03113 14.2105055 -125.06021
-211.49202 14.210151 -124.656166
-212.00693 14.209493 -124.1922
-212.48747 14.20851 -123.74741
-213.00311 14.206926 -123.25586
-213.46744 14.205211 -122.800835
-213.95721 14.203286 -122.30547
-214.41418 14.201276 -121.82906
-214.77617 14.199435 -121.44045
-215.20459 14.196905 -120.968544
-215.64027 14.193839 -120.47429
-216.06055 14.190524 -119.982796
-216.49577 14.186891 -119.457466
-216.90883 14.183727 -118.95736
-217.32382 14.18075 -118.455246
-217.76001 14.17765 -117.925125
-218.17368 14.174655 -117.41907
-218.59879 14.171562 -116.89593
-219.03624 14.168665 -116.3549
-219.40602 14.166478 -115.89581
-219.84192 14.164097 -115.353294
-220.23431 14.16208 -114.86397
-220.66025 14.159946 -114.332115
-221.07875 14.157849 -113.80909
-221.47098 14.156233 -113.31857
-221.89926 14.154881 -112.78275
-222.43774 14.153654 -112.10881
-222.84796 14.152954 -111.5953
-223.24283 14.152339 -111.10039
-223.67181 14.151416 -110.5527
-224.05002 14.15068 -110.06084
-224.45175 14.150038 -109.52667
-224.8326 14.149434 -109.00841
-225.20062 14.148742 -108.495155
-225.58626 14.147733 -107.94224
-225.9363 14.146474 -107.42634
-226.27762 14.14509 -106.90847
-226.6318 14.143832 -106.351746
-226.96097 14.142715 -105.81559
-227.49875 14.140591 -104.89447
-227.7976 14.138943 -104.35624
-228.08055 14.136889 -103.826996
-228.36722 14.134875 -103.268425
-228.63966 14.133097 -102.71365
-228.89168 14.131438 -102.1771
-229.14072 14.129569 -101.6229
-229.39085 14.127226 -101.03962
-229.61185 14.124567 -100.498474
-229.82404 14.12211 -99.95086
-230.02873 14.119984 -99.39161
-230.23808 14.117966 -98.78338
-230.4102 14.116258 -98.24892
-230.63968 14.113604 -97.48852
-230.8017 14.1118145 -96.95086
-230.9724 14.110034 -96.388596
-231.14326 14.109317 -95.822
-231.31267 14.109409 -95.25386
-231.47253 14.109985 -94.71197
-231.6433 14.11082 -94.12761
-231.80428 14.11158 -93.57283
-231.97269 14.112387 -92.989296
-232.12608 14.114172 -92.45571
-232.29475 14.117244 -91.86728
-232.45142 14.120888 -91.31963
-232.61339 14.125234 -90.75278
-232.78812 14.130184 -90.140625
-232.93065 14.1342325 -89.6395
-233.08583 14.1389675 -89.07367
-233.23718 14.144402 -88.49866
-233.37857 14.150096 -87.93729
-233.52136 14.156275 -87.34018
-233.6402 14.161521 -86.81647
-233.75507 14.166479 -86.2793
-233.86609 14.171106 -85.722595
-233.97078 14.175712 -85.14956
-234.0637 14.180426 -84.584496
-234.14305 14.185022 -84.04269
-234.2154 14.1897545 -83.47626
-234.30954 14.196781 -82.56516
-234.35019 14.200172 -82.05515
-234.3857 14.203683 -81.486
-234.40903 14.206993 -80.95149
-234.42288 14.21033 -80.41015
-234.4267 14.213394 -79.884735
-234.4211 14.216085 -79.3649
-234.40556 14.218391 -78.82956
-234.37856 14.220206 -78.2682
-234.34424 14.2212715 -77.76162
-234.29962 14.22184 -77.24383
-234.244 14.2219 -76.7158
-234.18004 14.221471 -76.20399
-234.08229 14.2202635 -75.53858
-233.99216 14.218738 -75.01159
-233.89789 14.216871 -74.51791
-233.79291 14.214548 -74.02089
-233.67928 14.211814 -73.53054
-233.55695 14.208673 -73.04599
-233.42848 14.205208 -72.575645
-233.28127 14.201064 -72.07727
-233.13718 14.196872 -71.6224
-232.96938 14.191815 -71.12898
-232.80956 14.186869 -70.68769
-232.63191 14.181245 -70.22691
-232.44962 14.175349 -69.7813
-232.24583 14.168637 -69.31232
-232.05885 14.162426 -68.90438
-231.85567 14.155665 -68.48404
-231.626 14.147997 -68.034706
-231.40819 14.140675 -67.62961
-231.16711 14.13249 -67.203835
-230.93184 14.124421 -66.808
-230.52625 14.110287 -66.167496
-230.26216 14.100961 -65.77504
-229.99176 14.0913725 -65.39149
-229.73126 14.082106 -65.03831
-229.45049 14.072075 -64.673676
-229.131 14.06058 -64.27724
-228.74333 14.046495 -63.821823
-228.44232 14.035463 -63.485413
-228.13162 14.024001 -63.153027
-227.82185 14.012489 -62.835526
-227.48438 13.999881 -62.504974
-227.14586 13.987271 -62.188343
-226.82755 13.975542 -61.903465
-226.48198 13.962936 -61.608192
-226.12123 13.949869 -61.314384
-225.77042 13.937187 -61.04165
-225.40538 13.923948 -60.770954
-225.04578 13.910829 -60.516464
-224.67427 13.897175 -60.265877
-224.28484 13.8827915 -60.0161
-223.93007 13.869777 -59.799107
-223.54333 13.85566 -59.57433
-223.14943 13.841311 -59.35728
-222.7478 13.826654 -59.14792
-222.36412 13.812593 -58.958595
-221.95543 13.797524 -58.768528
-221.55264 13.782559 -58.59226
-221.13295 13.766862 -58.420193
-220.73087 13.751751 -58.263943
-220.31563 13.736196 -58.100433
-219.92607 13.721873 -57.944466
-219.4924 13.706246 -57.76814
-219.0894 13.691946 -57.604225
-218.65776 13.676814 -57.42958
-218.24852 13.662572 -57.264984
-217.81546 13.64753 -57.09179
-217.39023 13.632743 -56.922474
-216.97455 13.618272 -56.757504
-216.5547 13.603778 -56.591263
-216.1127 13.588804 -56.41656
-215.67041 13.574023 -56.242912
-215.25008 13.560029 -56.083538
-214.80083 13.545026 -55.919662
-214.36678 13.530439 -55.76771
-213.90726 13.514895 -55.614277
-213.5108 13.50141 -55.48791
-213.07338 13.486487 -55.355934
-212.61105 13.470951 -55.22567
-212.17737 13.456607 -55.10998
-211.74281 13.44251 -54.98987
-211.30786 13.428578 -54.866043
-210.84209 13.413744 -54.732487
-210.39778 13.399648 -54.605343
-209.94394 13.385267 -54.476124
-209.4922 13.370962 -54.34818
-209.05757 13.357319 -54.22561
-208.59578 13.34315 -54.09584
-207.83574 13.3203125 -53.882946
-207.19543 13.301212 -53.70503
-206.73398 13.287369 -53.582867
-206.28302 13.273738 -53.469124
-205.80322 13.25912 -53.354706
-205.34749 13.2451725 -53.252506
-204.87502 13.230856 -53.154114
-204.41356 13.21713 -53.06594
-203.97258 13.204222 -52.98919
-203.51137 13.190882 -52.91723
-203.0478 13.1775255 -52.85347
-202.5756 13.1638975 -52.79752
-202.11066 13.150396 -52.75133
-201.64647 13.13684 -52.714214
-201.19595 13.1238165 -52.686848
-200.73299 13.110617 -52.668083
-200.2691 13.097513 -52.65881
-199.78784 13.083961 -52.6595
-199.32819 13.070952 -52.669807
-198.88148 13.058212 -52.689007
-198.42949 13.045214 -52.717903
-197.95833 13.031542 -52.758373
-197.52849 13.018991 -52.80258
-197.0724 13.005753 -52.847336
-196.61575 12.9928255 -52.889477
-195.84573 12.971651 -52.957882
-195.39948 12.959634 -52.998287
-194.94055 12.947405 -53.040775
-194.47371 12.935001 -53.084908
-193.99556 12.922276 -53.13087
-193.49939 12.909016 -53.17918
-193.02136 12.89641 -53.22615
-192.556 12.884426 -53.27216
-192.08269 12.872481 -53.319138
-191.58376 12.860058 -53.368793
-191.09944 12.848083 -53.417084
-190.62413 12.836334 -53.464523
-190.15077 12.824601 -53.511803
-189.62897 12.81162 -53.563934
-189.14053 12.79946 -53.612736
-188.67252 12.788061 -53.659508
-188.15323 12.775731 -53.7114
-187.66476 12.764414 -53.76021
-187.14977 12.752694 -53.811665
-186.66605 12.741801 -53.859985
-186.12857 12.729726 -53.913673
-185.61897 12.718248 -53.96456
-185.10431 12.706602 -54.015953
-184.60516 12.695621 -54.065784
-184.09746 12.684801 -54.116467
-183.5789 12.674025 -54.168224
-182.90558 12.66021 -54.24154
-182.30672 12.6479225 -54.31565
-181.82224 12.637901 -54.381252
-181.30241 12.627058 -54.45828
-180.78877 12.616375 -54.541546
-180.27573 12.606017 -54.63281
-179.78178 12.596304 -54.728687
-179.2942 12.586911 -54.831505
-178.76613 12.576882 -54.952713
-178.30464 12.568158 -55.064846
-177.78464 12.558344 -55.187958
-177.30469 12.549265 -55.299183
-176.77798 12.539459 -55.42093
-176.26067 12.53027 -55.541344
-175.79143 12.522239 -55.651474
-175.29138 12.513921 -55.76977
-174.77007 12.505374 -55.89393
-174.25333 12.496912 -56.017605
-173.7563 12.488722 -56.136974
-173.22958 12.479982 -56.263783
-172.71605 12.471537 -56.387623
-172.18602 12.463204 -56.515587
-171.67424 12.455476 -56.63923
-171.12976 12.447519 -56.77083
-170.62422 12.440272 -56.893047
-170.07446 12.432433 -57.025978
-169.52864 12.424618 -57.157963
-169.02438 12.417388 -57.2799
-168.45589 12.409478 -57.41737
-167.94687 12.402739 -57.54045
-167.40585 12.395884 -57.67126
-166.83725 12.388913 -57.80874
-166.30661 12.382502 -57.937023
-165.77846 12.376113 -58.064693
-165.20363 12.369104 -58.204807
-164.65228 12.362373 -58.344982
-164.13777 12.356349 -58.48131
-163.58424 12.350203 -58.634872
-163.0474 12.344477 -58.79093
-162.19124 12.335587 -59.055695
-161.67586 12.3302355 -59.22533
-161.14914 12.324708 -59.407127
-160.64226 12.319501 -59.581203
-160.11365 12.314401 -59.76024
-159.59981 12.309749 -59.933838
-159.03316 12.304867 -60.126114
-158.50275 12.300453 -60.307236
-157.97589 12.2961235 -60.48815
-157.4318 12.29164 -60.675846
-156.90135 12.287221 -60.859463
-156.38528 12.283197 -61.038544
-155.80756 12.279049 -61.239357
-155.2809 12.275525 -61.422646
-154.75412 12.272143 -61.60611
-154.17621 12.268494 -61.807484
-153.6351 12.265075 -61.996094
-153.07079 12.261473 -62.192825
-152.53847 12.258177 -62.37842
-151.96193 12.254955 -62.579445
-151.4337 12.252337 -62.763626
-150.84842 12.249698 -62.9677
-150.30194 12.247405 -63.158234
-149.72046 12.245032 -63.365612
-149.19104 12.242864 -63.560173
-148.60535 12.240622 -63.78187
-148.08154 12.238989 -63.98718
-147.5184 12.237598 -64.21567
-146.9634 12.236542 -64.449615
-146.45918 12.235791 -64.67051
-145.90665 12.235084 -64.91126
-145.35394 12.23439 -65.14964
-144.81038 12.233868 -65.383995
-144.27173 12.233514 -65.61718
-143.72673 12.233666 -65.8543
-143.1865 12.234392 -66.09041
-142.6525 12.235538 -66.324615
-142.1064 12.236966 -66.56477
-141.55528 12.238511 -66.807594
-140.93901 12.240227 -67.079506
-140.4428 12.241986 -67.29865
-139.87732 12.244374 -67.54852
-139.29123 12.24716 -67.807594
-138.75922 12.249851 -68.04282
-138.15866 12.252921 -68.308395
-137.62367 12.255611 -68.54498
-137.03172 12.258619 -68.80678
-136.45102 12.261588 -69.0636
-135.89624 12.2646265 -69.308945
-135.30708 12.268124 -69.56949
-134.75584 12.271587 -69.813255
-134.15714 12.275478 -70.077995
-133.34164 12.280861 -70.43858
-132.73917 12.284924 -70.70498
-132.1583 12.289196 -70.96181
-131.58884 12.293649 -71.21357
-130.9786 12.298598 -71.483345
-130.38553 12.303463 -71.74553
-129.79964 12.308253 -72.004524
-129.19385 12.313189 -72.2723
-128.6152 12.318019 -72.52807
-128.01027 12.323369 -72.79544
-127.37377 12.329275 -73.07675
-126.803696 12.334731 -73.32869
-126.18552 12.340774 -73.60188
-125.561485 12.34694 -73.87765
-124.986885 12.352689 -74.13156
-124.36064 12.35925 -74.40827
-123.730515 12.366206 -74.68669
-123.12372 12.373135 -74.95479
-122.52943 12.380041 -75.217354
-121.88341 12.387599 -75.50425
-121.27853 12.394725 -75.77877
-120.67252 12.402067 -76.06017
-120.07458 12.409775 -76.34525
-119.448326 12.418305 -76.65261
-118.87367 12.42645 -76.939804
-118.28721 12.434921 -77.22924
-117.339584 12.448719 -77.69654
-116.7028 12.458425 -78.012
-116.1301 12.467559 -78.29688
-115.535934 12.4772835 -78.593414
-114.89137 12.487952 -78.915955
-114.28427 12.498008 -79.22036
-113.68325 12.507907 -79.52213
-113.05421 12.518355 -79.838264
-112.456345 12.52853 -80.13892
-111.8556 12.538988 -80.44115
-111.21034 12.550439 -80.76584
-110.57598 12.561836 -81.085106
-109.96276 12.57291 -81.39376
-109.28752 12.585368 -81.73364
-108.72698 12.595968 -82.015785
-108.103645 12.607932 -82.329544
-107.45734 12.620436 -82.65486
-106.81595 12.632868 -82.977684
-106.15807 12.645597 -83.30879
-105.56506 12.657059 -83.60725
-104.927986 12.669573 -83.92787
-104.2698 12.682763 -84.2591
-103.64776 12.695449 -84.57213
-102.96298 12.709579 -84.91672
-102.35373 12.722224 -85.223274
-101.68625 12.7363 -85.55913
-100.76737 12.756066 -86.02145
-100.09592 12.770687 -86.35927
-99.4378 12.785066 -86.69035
-98.74749 12.800134 -87.03762
-98.11824 12.813832 -87.354164
-97.460365 12.828193 -87.6851
-96.742805 12.844188 -88.044
-96.11048 12.858478 -88.35389
-95.425995 12.874081 -88.68206
-93.7783 12.912193 -89.46583
-92.77615 12.936146 -89.943695
-92.07434 12.9530945 -90.2772
-91.43819 12.968473 -90.578735
-90.78012 12.984341 -90.89001
-90.14412 12.999688 -91.19038
-89.46801 13.016274 -91.5093
-88.7697 13.033696 -91.83841
-88.11457 13.0502825 -92.146996
-87.46591 13.066865 -92.45241
-86.80227 13.083975 -92.7648
-86.11852 13.101941 -93.0866
-85.459496 13.119519 -93.39673
-84.78586 13.137668 -93.71371
-84.13505 13.155289 -94.01993
-83.10322 13.183199 -94.50541
-82.47306 13.200191 -94.801895
-81.77217 13.219237 -95.131645
-81.10629 13.237529 -95.44493
-80.479164 13.254925 -95.739975
-79.787224 13.274241 -96.065506
-79.14747 13.292154 -96.366486
-78.46011 13.311588 -96.68986
-77.791 13.330731 -97.00465
-77.13706 13.34959 -97.312294
-76.46866 13.36894 -97.62674
-75.79722 13.388391 -97.94262
-75.14189 13.407351 -98.250916
-74.431786 13.428027 -98.58498
-73.80835 13.446332 -98.878265
-73.144745 13.465955 -99.19045
-72.512825 13.484751 -99.48773
-71.85564 13.504347 -99.79689
-71.1842 13.524374 -100.112755
-70.48617 13.545395 -100.441124
-69.821 13.5656395 -100.754036
-69.20187 13.584606 -101.04529
-68.5388 13.604973 -101.35721
-67.817726 13.627134 -101.69641
-67.173515 13.646951 -101.99945
-66.52517 13.667007 -102.304436
-65.54979 13.697409 -102.76325
-64.87938 13.718437 -103.07861
-64.22054 13.739152 -103.38853
-63.558 13.760033 -103.70019
-62.881706 13.7814865 -104.0183
-62.221207 13.802583 -104.329
-61.560978 13.823754 -104.63956
-60.9234 13.844229 -104.93946
-60.25313 13.865769 -105.25474
-59.59155 13.887044 -105.56593
-58.915344 13.908843 -105.883995
-58.272476 13.929613 -106.18638
-57.626755 13.9505005 -106.490105
-56.935226 13.972883 -106.81538
-56.312756 13.99301 -107.10816
-55.61343 14.01561 -107.43709
-54.978733 14.036128 -107.73562
-54.3361 14.056905 -108.03789
-53.63441 14.079576 -108.36792
-53.01418 14.099591 -108.659645
-52.35406 14.120901 -108.97012
-51.64806 14.143715 -109.302185
-51.00296 14.163889 -109.60561
-50.347866 14.182298 -109.91375
-49.67796 14.199604 -110.22887
-49.02346 14.215605 -110.536736
-48.38738 14.230677 -110.835945
-47.70197 14.245999 -111.15836
-47.081146 14.257823 -111.450424
-46.433838 14.268211 -111.75495
-45.77083 14.277695 -112.066864
-45.09372 14.2867365 -112.38542
-44.455875 14.295076 -112.68551
-43.772446 14.303709 -113.007034
-43.126972 14.310618 -113.310715
-42.461967 14.316534 -113.62218
-41.82596 14.321449 -113.91522
-41.130947 14.326342 -114.22914
-40.47275 14.3308325 -114.52293
-39.840305 14.334724 -114.80742
-39.178825 14.33727 -115.105316
-38.548542 14.338805 -115.38876
-37.854782 14.33991 -115.70004
-37.21061 14.34067 -115.98845
-36.538845 14.341396 -116.28869
-35.900303 14.341911 -116.5737
-35.247208 14.341824 -116.86493
-34.579952 14.341437 -117.16227
-33.919735 14.340941 -117.45633
-33.281704 14.340475 -117.74042
-32.63594 14.340104 -118.02788
-31.971327 14.339847 -118.32369
-31.275894 14.33973 -118.63318
-30.667568 14.339756 -118.903885
-29.961943 14.339905 -119.21787
-29.314007 14.340126 -119.50619
-28.672571 14.340431 -119.791595
-28.02008 14.340786 -120.08192
-27.034641 14.341324 -120.52037
-26.375576 14.341665 -120.81361
-25.70084 14.341961 -121.11381
-25.045328 14.342222 -121.40545
-24.410093 14.342464 -121.688065
-23.698109 14.342773 -122.004814
-23.011982 14.343122 -122.31004
-22.35028 14.343465 -122.60439
-21.728888 14.3437195 -122.87637
-21.05034 14.343901 -123.167534
-20.38115 14.343962 -123.448135
-19.706059 14.34402 -123.72406
-18.9667 14.3441105 -124.01753
-18.339367 14.344134 -124.25841
-17.63244 14.344084 -124.52118
-16.954227 14.343943 -124.76388
-16.282532 14.343708 -124.994965
-15.616046 14.343403 -125.21497
-14.93393 14.343041 -125.43044
-13.852528 14.342491 -125.77081
-13.198373 14.34212 -125.97584
-12.485845 14.341682 -126.1969
-11.831791 14.341304 -126.39782
-11.139049 14.3410015 -126.60881
-10.427803 14.340763 -126.82396
-9.731692 14.340541 -127.03349
-9.068426 14.340334 -127.23245
-8.367679 14.340125 -127.442154
-7.6958942 14.339931 -127.64285
-7.01269 14.339783 -127.84674
-6.3058486 14.339654 -128.05753
-5.459745 14.339556 -128.30971
-4.5941353 14.339475 -128.5676
-3.912074 14.339427 -128.77077
-3.22505 14.339498 -128.97539
-2.5700731 14.339709 -129.17044
-1.8579429 14.339982 -129.37808
-1.173871 14.340209 -129.57152
-0.5113789 14.340361 -129.75285
0.17162545 14.340434 -129.93326
0.88829505 14.340453 -130.11487
1.567577 14.340511 -130.2787
2.251302 14.340634 -130.43497
2.9734428 14.340801 -130.59032
3.5977168 14.3410635 -130.7253
4.2593813 14.341353 -130.86884
4.9343386 14.34176 -131.01414
5.654816 14.34241 -131.16745
6.3232756 14.343169 -131.30798
7.0288925 14.344054 -131.45496
7.6588287 14.344863 -131.5852
8.378599 14.3457985 -131.73329
9.032189 14.346678 -131.86722
9.726123 14.347689 -132.00905
10.421828 14.348884 -132.151
11.100478 14.350241 -132.28929
11.770419 14.35174 -132.42569
12.459952 14.35343 -132.56601
13.135616 14.3551445 -132.70346
13.805639 14.3569765 -132.83539
14.502211 14.359017 -132.96667
15.133014 14.360921 -133.07983
15.824538 14.363048 -133.19742
16.502998 14.365107 -133.30542
17.151058 14.366977 -133.4012
17.8215 14.368753 -133.49242
18.519278 14.3703785 -133.57845
19.193548 14.371722 -133.65244
19.841688 14.372868 -133.71466
20.553967 14.3740015 -133.77312
21.138777 14.374962 -133.8211
21.808725 14.376053 -133.87651
22.45814 14.377044 -133.92912
23.16597 14.37806 -133.98457
23.827091 14.379026 -134.03458
24.472181 14.380008 -134.082
25.144793 14.381055 -134.13037
25.767162 14.382031 -134.1744
26.434298 14.383057 -134.22105
27.112732 14.384052 -134.26808
27.786995 14.385044 -134.31456
28.413935 14.38598 -134.3576
29.146515 14.387079 -134.40779
29.737722 14.387965 -134.44821
30.436136 14.38902 -134.49591
31.068556 14.389868 -134.53499
31.724035 14.390633 -134.57002
32.370434 14.391384 -134.60515
33.066814 14.3922205 -134.64432
33.69765 14.39299 -134.67996
34.385117 14.393846 -134.71855
35.000652 14.394615 -134.75276
35.692448 14.395483 -134.79088
36.33725 14.396296 -134.82613
37.01363 14.397151 -134.8629
38.024624 14.398441 -134.91757
38.674633 14.399279 -134.9526
39.361965 14.400162 -134.9896
40.003094 14.400935 -135.02205
40.66426 14.40161 -135.04993
41.309814 14.402144 -135.07132
41.935013 14.402555 -135.08614
42.63451 14.402894 -135.09505
43.249256 14.403082 -135.09583
43.87339 14.403151 -135.0893
44.483215 14.403095 -135.0754
45.12355 14.402891 -135.05229
45.744385 14.402551 -135.02129
46.46229 14.401965 -134.97421
47.028603 14.40143 -134.9329
47.680283 14.400818 -134.88715
48.307415 14.400164 -134.84306
48.889294 14.399509 -134.80096
49.51946 14.398789 -134.7538
50.1261 14.398109 -134.70699
50.79062 14.397375 -134.65443
51.395638 14.396705 -134.60574
52.257927 14.395723 -134.53535
52.93069 14.394921 -134.4799
53.54044 14.394172 -134.42938
54.146652 14.393426 -134.379
54.76717 14.392669 -134.32732
55.41329 14.391883 -134.2734
55.99971 14.3911705 -134.22443
56.674137 14.390328 -134.16809
57.29151 14.389514 -134.11649
57.88916 14.38871 -134.0665
58.517147 14.387871 -134.01399
59.153957 14.38711 -133.96497
59.770416 14.38647 -133.9231
60.35724 14.385954 -133.88876
60.97411 14.385509 -133.85876
61.625565 14.384994 -133.82571
62.226166 14.384468 -133.79347
62.818813 14.383954 -133.76161
63.436115 14.3834505 -133.72896
64.047005 14.382998 -133.69727
64.68491 14.382577 -133.66481
65.33855 14.382162 -133.63208
65.89272 14.381787 -133.60468
66.51218 14.381342 -133.57428
67.1394 14.380881 -133.54369
67.73132 14.380458 -133.51494
68.35004 14.380036 -133.48497
68.96668 14.379636 -133.45515
69.593254 14.379222 -133.4249
70.200966 14.378789 -133.39557
70.797516 14.378336 -133.3668
71.442505 14.377836 -133.33571
72.028915 14.377396 -133.30745
72.643555 14.376954 -133.27783
73.25363 14.376537 -133.24843
73.896996 14.376095 -133.21742
74.517426 14.37564 -133.18752
75.099304 14.375191 -133.15947
75.74796 14.374681 -133.1282
76.34441 14.374224 -133.09946
76.97924 14.373756 -133.06886
77.58032 14.373334 -133.0399
78.56923 14.372618 -132.99223
79.17604 14.372145 -132.96298
79.76588 14.371666 -132.93454
80.41508 14.371132 -132.90324
81.02144 14.370647 -132.87401
81.61191 14.370201 -132.84554
82.26637 14.369717 -132.81398
82.8663 14.369253 -132.78505
83.45484 14.368783 -132.75668
84.10837 14.368253 -132.72516
84.7142 14.367762 -132.69592
85.32345 14.367286 -132.66653
85.932526 14.366839 -132.63716
86.562485 14.366395 -132.60677
87.20718 14.365952 -132.57567
87.80594 14.365556 -132.54678
88.37399 14.365182 -132.51938
89.00048 14.364713 -132.48712
89.619316 14.364124 -132.44957
90.213776 14.3634205 -132.40785
90.83129 14.362532 -132.35815
91.44314 14.361534 -132.3019
92.02603 14.36048 -132.24123
92.60135 14.359295 -132.17409
93.2354 14.357811 -132.09106
93.78465 14.356362 -132.01126
94.42359 14.354539 -131.91397
94.93514 14.353061 -131.83798
95.54267 14.351369 -131.7485
96.14351 14.34987 -131.65913
96.725914 14.348563 -131.5712
97.294846 14.347419 -131.48415
97.885284 14.346314 -131.39278
98.45539 14.345263 -131.30382
99.05113 14.344185 -131.21027
99.665886 14.343244 -131.11331
100.225174 14.342651 -131.02483
100.79331 14.342272 -130.93477
101.36875 14.342068 -130.84343
101.96919 14.341976 -130.74803
102.51918 14.341936 -130.66058
103.10075 14.34189 -130.56808
103.719376 14.34188 -130.46967
104.29234 14.342084 -130.3785
104.84727 14.342565 -130.29018
105.48188 14.343399 -130.18916
106.01084 14.344215 -130.10292
106.63228 14.345135 -129.99532
107.175964 14.3458185 -129.89551
107.75603 14.346436 -129.78268
108.32115 14.34706 -129.66585
108.86022 14.347754 -129.54733
109.64348 14.348946 -129.36153
110.17116 14.349783 -129.22624
110.75733 14.350618 -129.06638
111.26155 14.351167 -128.91986
111.81925 14.351544 -128.74835
112.32255 14.351837 -128.58417
112.84332 14.352242 -128.40462
113.3803 14.352749 -128.20868
113.89471 14.3532295 -128.01016
114.40492 14.353586 -127.80259
114.90775 14.353731 -127.587265
115.37571 14.353623 -127.37682
115.86531 14.353442 -127.15574
116.38906 14.353368 -126.921555
116.86683 14.353599 -126.7083
117.367325 14.354132 -126.48379
117.84939 14.354892 -126.26607
118.33997 14.355843 -126.04312
118.83508 14.356895 -125.81695
119.3285 14.357947 -125.59067
119.792694 14.358911 -125.37719
120.28493 14.360087 -125.15038
120.80963 14.361524 -124.90331
121.26856 14.36294 -124.680565
121.747185 14.364483 -124.44155
122.21744 14.36598 -124.19938
122.9705 14.368139 -123.79448
123.45319 14.369276 -123.52307
123.8785 14.370107 -123.275406
124.310905 14.37082 -123.014725
124.75058 14.371549 -122.73951
125.20076 14.372446 -122.44583
125.587296 14.373283 -122.18353
126.03885 14.374259 -121.86421
126.39757 14.374958 -121.60036
126.798965 14.375582 -121.29355
127.19585 14.375962 -120.97763
127.595825 14.376155 -120.64582
127.955055 14.376283 -120.335686
128.4413 14.376452 -119.896225
128.79713 14.376578 -119.55838
129.12384 14.376602 -119.235176
129.45775 14.376432 -118.89153
129.80643 14.375978 -118.517334
130.1146 14.375281 -118.17194
130.42125 14.374283 -117.81389
130.72911 14.372995 -117.43881
131.00992 14.371582 -117.08151
131.27936 14.370209 -116.72325
131.55481 14.368836 -116.339806
131.8229 14.367479 -115.94786
132.06598 14.366163 -115.574425
132.30818 14.364693 -115.1838
132.53079 14.363104 -114.806274
132.76395 14.361096 -114.39031
132.98271 14.359125 -113.99764
133.2005 14.35729 -113.61047
133.42023 14.3557 -113.22412
133.6445 14.35439 -112.83102
133.86847 14.35332 -112.43733
134.09152 14.352402 -112.04338
134.31775 14.351522 -111.64194
134.52068 14.350718 -111.28044
134.754 14.349744 -110.86361
134.96622 14.348785 -110.48361
135.35458 14.346891 -109.78682
135.62662 14.345592 -109.29812
135.99568 14.344727 -108.63456
136.21191 14.344737 -108.24561
136.44751 14.345078 -107.82177
136.66913 14.345584 -107.423
136.88632 14.346142 -107.032135
137.1135 14.346719 -106.623314
137.33646 14.347169 -106.217
137.54778 14.347566 -105.82099
137.75998 14.34815 -105.411285
137.98364 14.348943 -104.96428
138.36742 14.350388 -104.15289
138.60753 14.351071 -103.61013
138.89355 14.351338 -102.91495
139.06277 14.351119 -102.47385
139.21642 14.350608 -102.049255
139.3533 14.349899 -101.64762
139.49483 14.349075 -101.20273
139.61954 14.348443 -100.77825
139.7316 14.347931 -100.36372
139.84409 14.347408 -99.90635
139.93784 14.346869 -99.48395
140.02399 14.346147 -99.0507
140.12552 14.344749 -98.46234
140.18643 14.343386 -98.04216
140.24786 14.342074 -97.61548
140.31346 14.341016 -97.17335
140.37988 14.340308 -96.741425
140.45053 14.339784 -96.28846
140.51701 14.339404 -95.85991
140.58627 14.339046 -95.40801
140.65494 14.338656 -94.95387
140.72018 14.338211 -94.517555
140.78835 14.337659 -94.05757
140.85524 14.337038 -93.603134
140.92165 14.3363695 -93.149864
140.9918 14.335761 -92.669266
141.0527 14.33552 -92.25114
141.12259 14.335575 -91.77053
141.19124 14.335941 -91.297676
141.25734 14.33649 -90.84219
141.32161 14.337037 -90.36813
141.3764 14.33742 -89.92317
141.42912 14.337642 -89.44704
141.47313 14.337616 -88.99397
141.51175 14.337657 -88.529655
141.54529 14.337842 -88.03506
141.56877 14.338046 -87.57514
141.58446 14.338151 -87.118385
141.59242 14.3380575 -86.648056
141.59187 14.33773 -86.22192
141.58275 14.337054 -85.744286
141.57423 14.33634 -85.29227
141.56863 14.3356285 -84.84795
141.56468 14.334854 -84.386406
141.56096 14.334295 -83.909935
141.55667 14.334096 -83.43766
141.5517 14.33422 -82.974014
141.54565 14.334605 -82.48403
141.53926 14.335121 -82.01617
141.53238 14.335696 -81.54723
141.52524 14.3362665 -81.08147
141.51694 14.336848 -80.5571
141.50989 14.337536 -80.122444
141.49812 14.338419 -79.64786
141.47984 14.339418 -79.14834
141.45744 14.340301 -78.69311
141.4279 14.341105 -78.21615
141.38985 14.34175 -77.71637
141.34879 14.342107 -77.268036
141.29878 14.342226 -76.79993
141.24094 14.342068 -76.33111
141.17128 14.341615 -75.83776
141.10023 14.341139 -75.39641
141.0128 14.340878 -74.91575
140.853 14.341116 -74.16553
140.74672 14.341448 -73.72723
140.62297 14.341755 -73.26153
140.50197 14.341849 -72.842255
140.35535 14.341634 -72.37258
140.21126 14.341203 -71.944115
140.06326 14.340815 -71.5325
139.89276 14.340608 -71.08894
139.71313 14.340558 -70.651924
139.5506 14.340493 -70.279434
139.35298 14.340229 -69.851906
139.1527 14.339665 -69.44324
138.94672 14.338731 -69.04545
138.67029 14.336938 -68.542244
138.44461 14.3350725 -68.15543
138.20193 14.332768 -67.759964
137.97406 14.33065 -67.40769
137.72333 14.328775 -67.04012
137.45518 14.327324 -66.66846
137.19084 14.326302 -66.32174
136.9288 14.325437 -65.995125
136.65134 14.324712 -65.65122
136.35756 14.324049 -65.28389
136.08386 14.323414 -64.93829
135.82072 14.322672 -64.60428
135.5325 14.32235 -64.23872
135.06491 14.323432 -63.649002
134.7698 14.3248 -63.278862
134.47781 14.326367 -62.913853
134.21259 14.3278 -62.583088
133.9127 14.329338 -62.20978
133.62244 14.330712 -61.848877
133.33943 14.33194 -61.49732
133.03618 14.33322 -61.12081
132.73592 14.334484 -60.75278
132.44452 14.335698 -60.40474
132.14348 14.33696 -60.054756
131.8334 14.338221 -59.704456
131.5385 14.339335 -59.380882
131.112 14.340734 -58.929092
130.79547 14.34153 -58.606842
130.47438 14.342087 -58.290886
130.14328 14.342437 -57.97644
129.80704 14.342663 -57.668766
129.46204 14.342808 -57.36518
129.13908 14.343095 -57.080452
128.80728 14.343516 -56.784283
128.46729 14.344016 -56.478043
128.12636 14.344538 -56.170357
127.778244 14.345073 -55.85687
127.440056 14.345588 -55.553345
127.091 14.346093 -55.241074
126.72616 14.346628 -54.91555
126.38748 14.347196 -54.61401
126.02219 14.347884 -54.28924
125.67393 14.348598 -53.979965
125.32535 14.349356 -53.670616
124.949486 14.350212 -53.337234
124.59349 14.351045 -53.02159
124.235634 14.351885 -52.70436
123.8648 14.352746 -52.375683
123.50278 14.35363 -52.05486
123.12885 14.354474 -51.72943
122.77381 14.355146 -51.427746
122.41245 14.355675 -51.127987
121.74939 14.356213 -50.598167
121.3598 14.356259 -50.299385
120.98087 14.356278 -50.010616
120.58787 14.356399 -49.706436
120.21206 14.356541 -49.41336
119.84029 14.356703 -49.123203
119.46655 14.356906 -48.83201
119.03737 14.357195 -48.498432
118.67809 14.357474 -48.21983
118.27787 14.357804 -47.910034
117.904755 14.358112 -47.621624
117.4978 14.35844 -47.307377
117.09653 14.358759 -46.997738
116.712456 14.359076 -46.70153
116.27433 14.359462 -46.363754
115.9073 14.359795 -46.080868
115.480934 14.3601885 -45.7523
115.091736 14.360559 -45.452408
114.660835 14.360979 -45.120422
114.26296 14.361373 -44.8139
113.84267 14.3617935 -44.490124
113.43161 14.362214 -44.173477
113.00371 14.362646 -43.84387
112.626564 14.363007 -43.553364
112.176285 14.363422 -43.20654
111.76892 14.363799 -42.892776
111.358925 14.364183 -42.577
110.91436 14.364608 -42.23461
110.49186 14.36502 -41.90922
110.045334 14.365453 -41.565346
109.64759 14.365813 -41.25905
109.201805 14.366186 -40.915756
108.76904 14.366532 -40.582504
108.318794 14.366891 -40.2358
107.90806 14.367228 -39.919533
107.4583 14.367604 -39.573223
107.03555 14.3679695 -39.247726
106.57703 14.368369 -38.89469
106.13208 14.368819 -38.548477
105.722824 14.369351 -38.223785
105.29732 14.37005 -37.879353
104.84698 14.370989 -37.506386
104.43315 14.372068 -37.155186
104.01953 14.37339 -36.79516
103.60336 14.375008 -36.42289
103.201096 14.376637 -36.061058
102.80923 14.37809 -35.71219
102.36337 14.379641 -35.31666
101.96151 14.381034 -34.9596
101.53101 14.382574 -34.575943
101.040794 14.38441 -34.137623
100.607796 14.386102 -33.74939
100.184135 14.387793 -33.368797
99.766556 14.389432 -32.99317
99.364296 14.390964 -32.630985
98.91555 14.392628 -32.2267
98.5152 14.394083 -31.86585
98.08857 14.395616 -31.481224
97.65356 14.397183 -31.088976
97.20773 14.398807 -30.686932
96.79908 14.40025 -30.318394
96.362656 14.401707 -29.924788
95.90618 14.403149 -29.513102
95.4849 14.404432 -29.133158
95.06047 14.4057045 -28.750374
94.59316 14.407107 -28.328936
94.148415 14.408457 -27.927843
93.72716 14.409695 -27.547958
93.261055 14.410976 -27.127632
92.8371 14.412071 -26.745316
92.378746 14.413209 -26.331997
91.91923 14.414326 -25.917631
91.47922 14.4154 -25.520878
91.0183 14.41654 -25.105291
90.58391 14.417606 -24.713625
90.1063 14.41866 -24.283009
89.65326 14.419545 -23.87454
89.21218 14.420339 -23.476873
88.7219 14.421182 -23.034859
88.272514 14.42193 -22.62972
87.8046 14.422701 -22.207891
87.338295 14.423396 -21.787523
86.87237 14.423993 -21.367508
86.39729 14.424532 -20.939259
85.94528 14.425003 -20.531805
85.45854 14.425485 -20.093056
85.00145 14.425934 -19.68105
84.507935 14.426431 -19.236233
84.04385 14.426881 -18.81795
83.55768 14.427241 -18.379765
83.07649 14.427489 -17.946085
82.5715 14.427692 -17.490967
82.11853 14.42786 -17.082735
81.62698 14.428047 -16.63976
81.122154 14.428172 -16.184826
80.62914 14.428144 -15.740544
80.14513 14.427999 -15.304379
79.64451 14.42778 -14.853263
79.155136 14.427542 -14.412292
78.65614 14.427302 -13.962669
78.15699 14.427081 -13.512915
77.67187 14.426597 -13.075804
76.7781 14.425068 -12.270491
76.26279 14.423976 -11.806197
75.74604 14.422807 -11.340622
75.269615 14.421695 -10.911385
74.76376 14.4203415 -10.455636
74.2476 14.418775 -9.986881
73.723076 14.417169 -9.50276
73.249626 14.415782 -9.058324
72.72498 14.414404 -8.556678
72.271996 14.413425 -8.114738
71.77372 14.412597 -7.618259
71.28927 14.411852 -7.124489
70.83079 14.411124 -6.6464043
70.37737 14.41047 -6.162284
69.93446 14.409983 -5.677525
69.48699 14.409719 -5.1749177
69.04792 14.409588 -4.6681614
68.60864 14.409298 -4.1567817
68.17966 14.408811 -3.658878
67.74373 14.408239 -3.1515317
67.29653 14.407677 -2.628346
66.850204 14.407214 -2.1034067
66.428085 14.406884 -1.6047884
65.96077 14.406387 -1.0508978
65.55056 14.405782 -0.55965006
65.11953 14.4051075 -0.035265952
64.663414 14.404436 0.52956975
64.27647 14.403982 1.0178216
63.840786 14.40368 1.5785909
63.44889 14.403418 2.0942607
63.029564 14.403071 2.6590729
62.6408 14.402861 3.1962304
62.26201 14.4028635 3.7333817
61.86958 14.403182 4.3056
61.516632 14.403819 4.8353634
61.126465 14.404733 5.4383264
60.789703 14.405348 5.9738083
60.455956 14.405761 6.5189657
60.09833 14.40616 7.1207647
59.78266 14.406615 7.6689196
59.4676 14.407273 8.233234
59.146942 14.407852 8.826518
58.84505 14.408216 9.404477
58.55538 14.408649 9.97916
58.2679 14.40934 10.571128
57.99286 14.410378 11.159794
57.718918 14.411887 11.770065
57.464848 14.413501 12.342681
57.206367 14.414705 12.923048
56.94472 14.415254 13.512749
56.66543 14.415353 14.147025
56.408768 14.415194 14.734411
56.141052 14.414899 15.350959
55.876717 14.4145565 15.962745
55.629345 14.413698 16.537329
55.352543 14.41195 17.181953
55.08357 14.409862 17.809525
54.834763 14.407808 18.390715
54.56338 14.40566 19.03318
54.31334 14.40393 19.639639
54.0714 14.402424 20.240711
53.823936 14.40086 20.870981
53.57509 14.399214 21.52276
53.35418 14.397778 22.119617
53.13728 14.396477 22.725262
52.90999 14.39529 23.38432
52.716824 14.394217 23.96773
52.506752 14.392876 24.630257
52.317818 14.391673 25.255756
52.133648 14.390654 25.897375
51.96541 14.38997 26.516352
51.797985 14.389616 27.169262
51.644936 14.38942 27.774767
51.49241 14.389065 28.374418
51.327236 14.388487 29.027124
51.163334 14.387847 29.68218
51.01213 14.387259 30.293356
50.8421 14.386642 30.987402
50.6927 14.386166 31.601938
50.54208 14.385556 32.224808
50.384605 14.384699 32.878616
50.220444 14.3836565 33.56214
50.069042 14.382609 34.1937
49.90511 14.381431 34.878372
49.756214 14.380341 35.500706
49.59419 14.37914 36.17825
49.422966 14.377863 36.89446
49.27504 14.376763 37.513332
49.114414 14.3756 38.185368
48.95088 14.374466 38.869583
48.797466 14.37342 39.511414
48.638447 14.372342 40.17667
48.472065 14.371223 40.872715
48.305084 14.3701105 41.57121
48.147118 14.369095 42.23194
47.98564 14.368098 42.90731
47.817024 14.367094 43.612484
47.654984 14.366166 44.290096
47.487106 14.365165 44.99206
47.321445 14.364093 45.684734
47.161972 14.363121 46.364574
46.999462 14.362326 47.082153
46.85146 14.361812 47.76202
46.681683 14.361535 48.578876
46.553467 14.361551 49.23094
46.417595 14.361815 49.961296
46.304893 14.362343 50.608364
46.177025 14.362947 51.33882
46.05442 14.363499 52.034294
45.933167 14.364099 52.728092
45.81297 14.364769 53.42451
45.691566 14.365489 54.136486
45.574577 14.366227 54.829563
45.463093 14.36699 55.49493
45.344975 14.367848 56.20373
45.2199 14.36881 56.957283
45.104702 14.369647 57.65331
44.991714 14.37041 58.33718
44.871685 14.371199 59.06452
44.753815 14.371992 59.779293
44.635567 14.372815 60.496674
44.511353 14.373725 61.250427
44.38981 14.374568 61.98809
44.272015 14.375324 62.703033
44.1498 14.376106 63.444782
44.03571 14.376852 64.1372
43.91347 14.377669 64.879
43.787243 14.378545 65.644966
43.53686 14.380101 67.16411
43.425983 14.380759 67.83673
43.302296 14.381499 68.58704
43.182106 14.382242 69.31608
43.065685 14.382959 70.02224
42.937878 14.383689 70.79745
42.817665 14.384353 71.52655
42.693142 14.38504 72.2818
42.578854 14.385678 72.97494
42.45834 14.386372 73.705826
42.32969 14.387102 74.48604
42.208923 14.387725 75.21844
42.087402 14.388333 75.95541
41.868847 14.389436 77.2808
41.7434 14.390103 78.04153
41.62109 14.39073 78.78322
41.49801 14.391313 79.52958
41.37545 14.391881 80.27276
41.255245 14.392443 81.00165
41.13724 14.393011 81.717186
41.018517 14.393587 82.43706
40.890434 14.394169 83.21369
40.764088 14.394716 83.97979
40.653946 14.395193 84.64763
40.531975 14.395723 85.387146
40.402817 14.396143 86.149414
40.27929 14.396291 86.845764
40.13731 14.396162 87.60966
39.99754 14.395735 88.32499
39.849167 14.394989 89.04698
39.700924 14.393974 89.732124
39.533726 14.392544 90.46535
39.36517 14.390812 91.165535
39.18534 14.388667 91.873764
39.00166 14.386396 92.58803
38.822258 14.384146 93.2878
38.65028 14.381896 93.95361
38.464745 14.379373 94.66428
38.286846 14.376907 95.338684
38.089043 14.374288 96.08212
37.90776 14.372082 96.75894
37.71757 14.369938 97.465744
37.53595 14.367992 98.13852
37.344772 14.365981 98.84508
37.152214 14.364083 99.55563
36.963493 14.362679 100.25122
36.77206 14.3618145 100.95624
36.585194 14.3614025 101.64405
36.399147 14.361222 102.32862
36.206524 14.361109 103.03724
36.025326 14.361228 103.70371
35.825195 14.362001 104.43964
35.638195 14.363199 105.11252
35.43845 14.364637 105.80788
35.23738 14.365996 106.48446
35.021496 14.367135 107.18606
34.812595 14.368077 107.840836
34.59113 14.369566 108.506325
34.35157 14.371887 109.19277
34.12507 14.374487 109.81191
33.875175 14.377452 110.46526
33.613792 14.380322 111.11873
33.361904 14.383172 111.72236
33.08228 14.386698 112.36518
32.785152 14.390653 113.01943
32.51905 14.39408 113.58228
32.20866 14.397658 114.2148
31.903723 14.400559 114.81272
31.59334 14.40284 115.39952
31.261044 14.40472 116.00552
30.937813 14.4064665 116.57268
30.606115 14.408343 117.13275
30.255249 14.410331 117.70303
29.917088 14.412134 118.23266
29.554941 14.4137945 118.78019
29.1921 14.415201 119.30992
28.79798 14.416741 119.865654
28.434689 14.418267 120.36049
28.028574 14.419926 120.8956
27.633698 14.421251 121.39857
27.247517 14.422115 121.87493
26.841415 14.422491 122.36036
26.4179 14.42228 122.850494
26.018988 14.421745 123.29728
25.57984 14.421122 123.77265
25.144133 14.4205265 124.22745
24.723598 14.419896 124.65127
24.297218 14.419453 125.077385
23.86164 14.419235 125.51453
23.422707 14.419029 125.95434
22.961153 14.419129 126.41424
22.530586 14.419727 126.84063
22.094255 14.420699 127.27054
21.663475 14.421824 127.69328
21.203154 14.423031 128.14369
20.765617 14.424083 128.57086
20.326181 14.425005 128.99928
19.906149 14.425797 129.40837
19.463709 14.426954 129.83899
19.01189 14.428496 130.27281
18.537422 14.430286 130.71812
18.060389 14.432131 131.15518
17.606636 14.433782 131.5607
17.117092 14.43529 131.98723
16.695265 14.436659 132.3448
16.2573 14.438164 132.70665
15.769762 14.43979 133.09819
15.303763 14.441117 133.46083
14.838858 14.442051 133.81146
14.353454 14.442511 134.16585
13.91006 14.442416 134.4788
13.401947 14.441748 134.82564
12.921897 14.440585 135.14134
12.439216 14.43936 135.4463
11.956427 14.43819 135.73878
11.469409 14.436998 136.02145
10.937663 14.435575 136.31665
10.494385 14.434157 136.55162
10.000664 14.432629 136.81247
9.50177 14.431341 137.078
9.010189 14.430475 137.33983
8.497498 14.429926 137.61151
7.991181 14.429592 137.87796
7.4970865 14.429293 138.13635
6.9910803 14.428909 138.39966
6.4973803 14.428405 138.6556
6.0247893 14.427793 138.89992
5.5245757 14.426858 139.1537
5.011664 14.425843 139.40643
4.068695 14.424172 139.84903
3.5611875 14.423292 140.07503
3.0681686 14.422346 140.28593
2.5602803 14.421156 140.49422
2.051534 14.41962 140.69353
1.565353 14.418042 140.87505
1.0314571 14.416311 141.06432
0.5178544 14.414575 141.23607
-0.014788166 14.412573 141.40352
-0.5069093 14.410367 141.5483
-1.0042853 14.407692 141.68509
-1.5024204 14.404517 141.81241
-2.030229 14.400612 141.93687
-2.9751132 14.392562 142.13974
-3.4864893 14.388574 142.25168
-3.9790697 14.385209 142.36057
-4.500083 14.382035 142.475
-5.0240054 14.379157 142.58875
-5.5415936 14.37651 142.6998
-6.0439777 14.373984 142.80656
-6.5264807 14.371517 142.90837
-7.059518 14.368888 143.02025
-7.564496 14.366788 143.12581
-8.056193 14.365147 143.22829
-8.563806 14.3637495 143.33388
-9.073475 14.362489 143.43977
-9.549598 14.361324 143.5386
-10.070143 14.359977 143.64662
-10.583869 14.358541 143.75317
-11.0638685 14.357103 143.85272
-11.564872 14.355401 143.95264
-12.097405 14.353676 144.05186
-12.586427 14.352278 144.1358
-13.07797 14.350983 144.213
-13.5600395 14.3497095 144.28139
-14.0751505 14.348658 144.3559
-15.114317 14.34707 144.51437
-15.569088 14.346492 144.58409
-16.075497 14.346288 144.66116
-16.574785 14.34654 144.73656
-17.07002 14.347102 144.81082
-17.563845 14.347807 144.88448
-18.078178 14.348567 144.96086
-18.606232 14.349278 145.03906
-19.140518 14.349889 145.118
-19.65661 14.350369 145.19414
-20.172462 14.350664 145.26582
-20.682806 14.351078 145.33034
-21.172169 14.351633 145.38567
-22.16416 14.3528805 145.47734
-22.692205 14.3533535 145.51442
-23.218414 14.353501 145.54285
-23.72849 14.353214 145.56198
-24.265106 14.352736 145.573
-24.761448 14.352326 145.57407
-25.268644 14.351875 145.56598
-25.783596 14.351236 145.54808
-26.257318 14.350334 145.52261
-26.781046 14.348871 145.48474
-27.291325 14.347333 145.44676
-27.778595 14.345866 145.41254
-28.280184 14.344307 145.37845
-28.803564 14.34273 145.34256
-29.283768 14.341666 145.30864
-29.822351 14.340952 145.26938
-30.336407 14.340664 145.23085
-30.86149 14.340621 145.19067
-31.351835 14.340697 145.15259
-31.883799 14.340801 145.11084
-32.421978 14.340845 145.0683
-32.94728 14.341113 145.02654
-33.468426 14.341843 144.98494
-33.991764 14.342998 144.94305
-34.537117 14.34452 144.89932
-35.06719 14.346151 144.85677
-36.092014 14.349326 144.7744
-36.649075 14.350958 144.7296
-37.198383 14.352641 144.68541
-37.775204 14.354907 144.63898
-38.316772 14.357602 144.59534
-38.860046 14.360753 144.55153
-39.426376 14.364371 144.50584
-39.941605 14.367843 144.46425
-40.521614 14.371822 144.41742
-41.10019 14.375542 144.36623
-41.626057 14.37898 144.31412
-42.174915 14.382886 144.2535
-42.702984 14.386895 144.18846
-43.768894 14.39501 144.03572
-44.334503 14.398952 143.94221
-44.896935 14.402415 143.84001
-45.418583 14.405144 143.73643
-45.953346 14.407685 143.62129
-46.49299 14.4101925 143.49509
-46.997715 14.412457 143.36725
-47.4971 14.414518 143.23131
-48.041157 14.41644 143.07246
-48.541225 14.417786 142.91592
-49.524235 14.419001 142.57846
-50.040638 14.418995 142.38498
-50.54559 14.418786 142.18414
-51.02953 14.418394 141.98029
-51.483185 14.417776 141.77878
-51.959133 14.416778 141.55652
-52.455208 14.415251 141.31273
-52.90028 14.413371 141.08275
-53.3739 14.410809 140.82648
-53.838398 14.408242 140.57344
-54.30293 14.405881 140.32231
-54.742622 14.403793 140.08539
-55.21893 14.401578 139.82796
-55.678944 14.399429 139.57784
-56.147243 14.397202 139.32173
-56.632618 14.394821 139.05495
-57.070824 14.392587 138.81314
-57.540512 14.390109 138.55328
-58.042446 14.387412 138.27501
-58.52114 14.384813 138.00922
-58.99275 14.382244 137.74712
-59.473785 14.379623 137.4796
-59.95701 14.376993 137.21075
-60.421883 14.374431 136.95204
-60.912083 14.371691 136.67917
-61.40868 14.368888 136.4027
-61.894943 14.366114 136.13196
-62.398693 14.363924 135.85143
-63.363903 14.362081 135.3137
-63.866634 14.362008 135.03358
-64.35023 14.362207 134.76408
-64.85529 14.362273 134.47778
-65.36134 14.362507 134.18404
-65.823166 14.363628 133.90776
-66.323944 14.3658905 133.59839
-66.77405 14.368667 133.31052
-67.252174 14.372008 132.99435
-67.70012 14.375127 132.68776
-68.15187 14.377951 132.36812
-68.612625 14.380286 132.03079
-69.05011 14.382674 131.69913
-69.50437 14.385642 131.34213
-69.908676 14.3885355 131.0124
-70.340324 14.391557 130.64784
-70.748924 14.394059 130.28972
-71.16405 14.396051 129.91246
-71.54832 14.397282 129.55014
-71.94479 14.39788 129.16269
-72.3189 14.397945 128.78334
-72.67729 14.397715 128.4061
-73.040695 14.397182 128.00885
-73.41439 14.396256 127.58392
-73.76044 14.394975 127.17412
-74.09981 14.393743 126.77057
-74.78865 14.391386 125.95787
-75.1443 14.390245 125.53727
-75.4922 14.389623 125.12364
-75.86323 14.389564 124.680176
-76.19411 14.38996 124.28294
-76.555336 14.390712 123.8479
-76.90967 14.39163 123.420105
-77.25826 14.392349 122.99205
-77.61529 14.392703 122.543846
-77.93358 14.39301 122.13497
-78.26397 14.39417 121.69786
-78.60256 14.396497 121.23365
-78.89757 14.39934 120.81355
-79.21137 14.4029045 120.3499
-79.51092 14.406486 119.88942
-79.793976 14.409646 119.436966
-80.07197 14.412278 118.975006
-80.33418 14.415112 118.52144
-80.59173 14.418552 118.056786
-80.8422 14.422369 117.58431
-81.08046 14.426147 117.11374
-81.319725 14.429741 116.61817
-81.53912 14.432591 116.14031
-81.73835 14.434646 115.68425
-81.953094 14.436205 115.166756
-82.14218 14.437086 114.68418
-82.48902 14.437999 113.71505
-82.654015 14.438296 113.20402
-82.80071 14.438412 112.71382
-82.93832 14.438272 112.2169
-83.066536 14.437746 111.71398
-83.1842 14.436729 111.20973
-83.287605 14.435215 110.72276
-83.382965 14.433503 110.226364
-83.47061 14.431774 109.713585
-83.54254 14.430126 109.232574
-83.611565 14.428094 108.696526
-83.66501 14.425809 108.19706
-83.70678 14.423122 107.715614
-83.74261 14.419517 107.178154
-83.76481 14.415624 106.68933
-83.77785 14.410934 106.179276
-83.7804 14.406064 105.69438
-83.77159 14.401296 105.18989
-83.75092 14.397114 104.69705
-83.71791 14.393219 104.19782
-83.68498 14.390139 103.7087
-83.65343 14.387561 103.20185
-83.6249 14.385363 102.72071
-83.595245 14.383077 102.224976
-83.56397 14.380944 101.72159
-83.52986 14.379349 101.19519
-83.46289 14.378194 100.2111
-83.42692 14.378112 99.69916
-83.3891 14.378083 99.16841
-83.35151 14.37796 98.64575
-83.31465 14.377688 98.136406
-83.27837 14.377272 97.637276
-83.23947 14.376739 97.10336
-83.19947 14.376478 96.55564
-83.16215 14.376641 96.04573
-83.12337 14.37719 95.51653
-83.0844 14.37806 94.98538
-83.0438 14.379194 94.4325
-83.00638 14.380337 93.92302
-82.96382 14.38165 93.34388
-82.92656 14.383087 92.837166
-82.88769 14.384916 92.308876
-82.84589 14.387194 91.74106
-82.80589 14.389579 91.198074
-82.761055 14.391853 90.64734
-82.71119 14.39378 90.10523
-82.65614 14.3953085 89.57093
-82.593834 14.396455 89.02856
-82.526474 14.397173 88.50113
-82.44955 14.397651 87.959366
-82.36821 14.398094 87.44622
-82.272095 14.398604 86.89957
-82.13881 14.399179 86.220634
-81.94204 14.399323 85.34984
-81.80885 14.3988285 84.818924
-81.684944 14.398298 84.32885
-81.55574 14.398238 83.81
-81.425514 14.39872 83.283455
-81.29364 14.399517 82.75282
-81.16091 14.400418 82.22398
-81.028595 14.401262 81.70187
-80.893 14.401991 81.17118
-80.759186 14.402555 80.65071
-80.62461 14.402979 80.129585
-80.44762 14.403685 79.44662
-80.20796 14.406034 78.52508
-80.06781 14.408064 77.98714
-79.93121 14.4103985 77.46329
-79.7851 14.413099 76.90323
-79.64622 14.415723 76.37109
-79.50539 14.418753 75.831665
-79.351746 14.422248 75.259995
-79.19948 14.425693 74.716255
-79.0479 14.428949 74.19636
-78.878525 14.432225 73.638824
-78.71467 14.434904 73.122795
-78.4854 14.437851 72.43468
-78.16323 14.440364 71.53651
-77.969635 14.441174 71.02911
-77.7728 14.441503 70.536385
-77.55457 14.44135 70.01466
-77.333626 14.440683 69.510956
-77.11677 14.439986 69.01809
-76.88828 14.439323 68.4929
-76.680916 14.438702 68.01523
-76.45356 14.43797 67.49382
-76.22263 14.437209 66.96765
-76.00822 14.436502 66.48202
-75.7711 14.435706 65.94747
-75.54122 14.4349 65.431175
-75.32073 14.434095 64.93729
-75.08215 14.4332 64.40385
-74.852875 14.432318 63.891876
-74.61216 14.431382 63.354847
-74.37749 14.430934 62.831684
-74.14759 14.431069 62.319443
-73.90609 14.431734 61.78157
-73.66635 14.432813 61.24777
-73.41924 14.434176 60.697685
-73.177124 14.435337 60.169563
-72.93865 14.43653 59.662567
-72.67838 14.438017 59.124004
-72.43368 14.4394865 58.632317
-72.161476 14.441017 58.101257
-71.89334 14.442225 57.594776
-71.621056 14.443021 57.096935
-71.346115 14.443325 56.610695
-71.050964 14.443554 56.088814
-70.775375 14.443887 55.59702
-70.491005 14.44434 55.08907
-70.217125 14.444837 54.601566
-69.91647 14.445419 54.068863
-69.631714 14.445986 53.56655
-69.35059 14.446534 53.07233
-69.024895 14.447133 52.50124
-68.76389 14.447637 52.044506
-68.4555 14.448289 51.50549
-68.170395 14.448941 51.00768
-67.878365 14.449641 50.498074
-67.573326 14.450387 49.966003
-67.27343 14.4511175 49.443047
-66.96981 14.451853 48.913727
-66.66388 14.452582 48.38043
-66.36919 14.453303 47.866795
-66.05829 14.453847 47.33355
-65.765 14.4540615 46.841305
-65.43328 14.453951 46.296745
-65.09464 14.4534445 45.75484
-64.78589 14.452626 45.27387
-64.463135 14.451423 44.78411
-64.125786 14.449781 44.286503
-63.786865 14.447739 43.801384
-63.440006 14.44567 43.304585
-63.11498 14.443781 42.835934
-62.773155 14.44175 42.343094
-62.40737 14.439509 41.81765
-62.064434 14.437366 41.327286
-61.711742 14.435138 40.82495
-61.379654 14.433291 40.35346
-61.024803 14.431649 39.85083
-60.639736 14.430207 39.30641
-60.292446 14.429148 38.816044
-59.934258 14.428186 38.310703
-59.568954 14.427252 37.795628
-59.21931 14.426615 37.30285
-58.87186 14.426431 36.813328
-58.48395 14.4267 36.26695
-58.11532 14.427288 35.747818
-57.76384 14.427986 35.25291
-57.39283 14.428749 34.730534
-57.022793 14.42947 34.20956
-56.666527 14.430276 33.708004
-56.277912 14.431314 33.160946
-55.86499 14.432542 32.579697
-55.53402 14.433558 32.11383
-55.14888 14.434726 31.571735
-54.79578 14.43577 31.074749
-54.40945 14.43688 30.531
-54.02695 14.437969 29.992664
-53.6521 14.43904 29.465107
-53.260647 14.440158 28.914202
-52.867146 14.441278 28.360432
-52.485226 14.4423685 27.822973
-52.095013 14.443489 27.273867
-51.73122 14.444545 26.761951
-51.320087 14.445752 26.183437
-50.56225 14.448001 25.117125
-50.145954 14.449238 24.531408
-49.77679 14.4503355 24.01202
-49.35775 14.45158 23.422474
-48.98493 14.452689 22.89797
-48.569695 14.453927 22.313812
-48.17952 14.455089 21.764925
-47.770348 14.4563 21.189333
-47.36018 14.457505 20.612362
-46.96217 14.458669 20.052507
-46.56273 14.459902 19.490658
-46.14711 14.461358 18.90609
-45.757545 14.462897 18.358206
-44.950268 14.466251 17.229994
-44.516087 14.467689 16.637577
-44.108383 14.468848 16.091835
-43.689537 14.4700365 15.542697
-43.25459 14.47124 14.98541
-42.811638 14.472298 14.431762
-42.37011 14.473048 13.894
-41.94064 14.473372 13.384428
-41.46934 14.473409 12.839894
-41.039913 14.47361 12.344902
-40.584877 14.473966 11.819594
-40.126446 14.474304 11.292184
-39.650322 14.474562 10.747426
-39.19706 14.474704 10.231624
-38.724667 14.474759 9.696353
-38.260113 14.474784 9.17174
-37.813576 14.474793 8.668677
-37.322407 14.474789 8.116267
-36.845333 14.47478 7.580381
-36.371723 14.474769 7.048824
-35.92176 14.474754 6.5440826
-35.444645 14.47478 6.00908
-34.949318 14.4748535 5.453813
-34.487316 14.474949 4.936003
-33.983097 14.475065 4.3709416
-33.50245 14.475174 3.8323474
-32.988255 14.475279 3.2562022
-32.544594 14.47536 2.7591152
-32.06669 14.47544 2.223684
-31.574257 14.475296 1.6779757
-31.044968 14.474766 1.1008694
-30.5844 14.473959 0.60748327
-30.081348 14.472731 0.07795933
-29.55214 14.471094 -0.4676659
-29.047766 14.46966 -0.9885721
-28.545872 14.468334 -1.508287
-28.055918 14.467029 -2.0146177
-27.519138 14.465561 -2.567474
-27.0362 14.464263 -3.0631537
-26.319477 14.462688 -3.7964969
-25.484447 14.461479 -4.648222
-24.947414 14.460915 -5.1951194
-24.452093 14.460474 -5.699124
-23.92131 14.460193 -6.23891
-23.39488 14.460138 -6.7740536
-22.900139 14.460237 -7.276846
-22.359926 14.460428 -7.8257585
-21.837404 14.460638 -8.356635
-21.342188 14.460816 -8.859736
-20.832304 14.4609785 -9.377718
-20.312252 14.4612255 -9.906005
-19.903976 14.457918 -10.411691
-19.850805 14.449252 -10.640926
-19.764368 14.768545 -10.736418
-19.662584 15.0002985 -10.827
-19.556557 15.207344 -10.91714
-19.45486 15.400577 -11.003599
-19.34868 15.596849 -11.09387
-19.24587 15.786515 -11.180567
-19.141829 15.977317 -11.267705