-8.533742 14.419444 -20.350176
-5.0933623 14.42304 -23.665052
-4.8070116 14.423548 -23.937185
3.6713936 14.438135 -31.742744
4.824962 14.441367 -32.805687
15.26465 14.450165 -41.70001
16.566154 14.45448 -42.78785
23.413174 14.466561 -48.152508
25.610098 14.4693575 -49.80875
25.610098 14.4693575 -49.80875
30.458109 14.465664 -53.085106
32.563465 14.463603 -54.453995
41.37107 14.457114 -59.50034
47.216446 14.470015 -62.840466
48.952778 14.4767275 -63.83248
50.67067 14.481814 -64.78227
59.93841 14.493253 -69.412605
63.19667 14.502014 -71.248634
67.585144 14.529719 -74.291855
70.82894 14.549605 -76.867744
72.181946 14.565794 -78.29067
74.245255 14.579468 -80.659454
75.6203 14.588053 -82.64373
76.429214 14.576274 -83.76917
78.89755 14.71257 -91.50822
78.03729 15.422613 -96.91206
77.61303 16.014074 -98.40061
76.78889 16.509918 -100.657585
75.90717 16.672997 -102.41958
74.00356 17.900389 -105.55605
73.31267 18.286434 -106.50866
65.352776 22.17847 -116.51958
64.779976 22.417185 -117.21464
61.719223 23.476057 -120.616135
60.707943 23.781809 -121.66238
57.558025 24.435871 -124.77707
56.96401 24.514006 -125.364746
54.044662 24.873274 -128.03743
53.201027 24.906279 -128.79549
38.781815 23.573532 -140.68155
34.21793 22.587362 -144.57736
33.33605 22.374859 -145.32968
28.051683 21.052073 -149.64018
26.202581 20.56668 -151.15466
23.600933 19.888035 -153.15329
13.47886 17.363356 -159.7602
7.464408 16.069609 -163.6623
5.7322702 15.752154 -164.76283
-0.38161296 14.82924 -168.34521
-4.4974713 14.402995 -170.43378
-16.280565 14.104068 -173.1555
-18.083889 14.104184 -173.56258
-23.899282 14.107473 -175.05888
-26.465385 14.111556 -175.72076
-29.178955 14.116927 -176.39395
-35.63589 14.117431 -177.60538
-39.471935 14.12172 -178.23561
-52.46311 14.122029 -179.30606
-55.62315 14.133995 -179.5447
-61.963326 14.151681 -179.61699
-66.33721 14.175991 -179.57602
-72.84187 14.200893 -179.01254
-79.54521 14.225835 -178.15587
-130.39334 14.167079 -164.15244
-133.19809 14.172892 -163.3727
-133.19809 14.172892 -163.3727
-147.1132 14.196303 -159.07019
-149.87877 14.204207 -158.1914
-160.67052 14.228469 -154.4428
-165.39172 14.240864 -152.73886
-174.99657 14.263377 -148.7056
-183.06122 14.272429 -144.90117
-197.06067 14.246573 -136.13173
-202.9185 14.247206 -132.08414
-209.20435 14.221342 -126.81433
-212.09732 14.218235 -124.34262
-217.19872 14.215901 -119.61452
-218.0423 14.213142 -118.69246
-223.49896 14.187745 -111.95892
-227.9924 14.177014 -105.55705
-230.45178 14.169502 -100.969406
-234.0877 14.1965885 -80.32869
-232.90405 14.165179 -76.26552
-229.97983 14.071333 -69.225914
-228.23116 14.008826 -66.83975
-226.24808 13.9360075 -64.67649
-221.18541 13.757009 -60.1963
-216.84816 13.6075735 -57.56459
-208.15526 13.329531 -54.017525
-199.51216 13.073989 -52.915535
-194.03036 12.927842 -52.566532
-188.10048 12.780617 -52.90778
-182.92458 12.666101 -53.48653
-174.54149 12.505188 -55.34248
-171.13016 12.450209 -56.188396
-162.8895 12.343377 -58.772396
-160.41666 12.317586 -59.58256
-151.83476 12.254447 -62.772896
-149.25046 12.243217 -63.767937
-126.28949 12.340449 -73.65963
-124.55288 12.358075 -74.412636
-99.2474 12.781164 -86.05787
-19.62546 14.333805 -122.73169
-15.709095 14.336045 -124.48237
-7.0974846 14.34063 -127.89615
-1.4492235 14.345478 -129.9266
5.6342435 14.353154 -131.93732
14.628433 14.372936 -133.87492
22.978546 14.388576 -134.64067
29.613804 14.395701 -134.92131
37.00919 14.391953 -134.55954
39.368015 14.390676 -134.43877
85.90697 14.381818 -133.37183
92.20463 14.375466 -132.94925
104.902504 14.355695 -130.85527
116.86586 14.358428 -126.92513
117.729576 14.3564 -126.38707
120.47743 14.346922 -124.39935
126.180954 14.33101 -119.47705
128.55582 14.333569 -117.40883
133.63132 14.343873 -112.14723
136.77655 14.348649 -107.484764
141.22609 14.368316 -97.69069
141.9378 14.363763 -93.157646
142.36812 14.36015 -87.16952
141.80191 14.346692 -79.754845
139.3361 14.346743 -69.24346
138.91512 14.344705 -68.43245
137.04013 14.339558 -65.330956
133.0157 14.354257 -60.088085
129.97029 14.372572 -56.502537
125.602295 14.388426 -52.253742
122.75075 14.397943 -49.65578
121.26163 14.399133 -48.48121
99.20675 14.424993 -31.18428
89.836105 14.424008 -23.847343
82.89912 14.411723 -18.418062
79.9907 14.406088 -16.049526
78.459236 14.405557 -14.659608
72.6144 14.39369 -9.323239
68.00275 14.381857 -4.6797867
67.31896 14.381864 -3.847299
63.960384 14.380754 0.3284505
58.67629 14.387637 8.517523
55.589603 14.404543 15.994076
54.030994 14.39646 19.833786
52.07552 14.3845625 25.463608
49.31208 14.379207 37.667118
48.64775 14.377287 40.808296
47.847836 14.383837 45.69863
42.1866 14.434538 81.53044
41.7333 14.4367075 84.26406
39.22045 14.423671 96.32998
37.940742 14.41699 101.48769
36.258835 14.406139 106.27091
34.37148 14.408101 110.90022
31.813688 14.418667 115.68643
26.88385 14.432688 122.633705
26.88385 14.432688 122.633705
18.427654 14.413313 130.30157
14.767913 14.42283 133.33093
7.9753904 14.432283 137.94215
2.3823495 14.448008 141.19855
-4.0396404 14.4506035 143.84718
-7.8665943 14.462137 145.27481
-12.7456045 14.472087 146.72177
-24.27036 14.487136 148.33191
-35.843105 14.455743 146.99232
-43.27162 14.460948 145.56236
-51.30269 14.459113 142.75009
-55.89073 14.466394 140.9421
-60.310062 14.457356 138.79707
-70.836205 14.433242 131.30516
-76.26257 14.405308 124.68724
-83.32259 14.434741 110.548965
-83.967125 14.4182625 105.96696
-84.39511 14.42485 100.33967
-84.163765 14.441928 93.59424
-83.25656 14.462025 85.71638
-81.280716 14.457355 78.64678
-79.38376 14.469402 73.01845
-73.82638 14.448254 60.928604
-72.85763 14.452409 58.873737
-69.67179 14.474061 52.602913
-67.100044 14.484848 47.92138
-52.542633 14.505944 25.937174
-49.43915 14.517991 21.483126
-45.7445 14.513884 16.809269
-39.875813 14.502434 10.2300005
-35.341785 14.465857 6.137171
-32.632496 14.417488 3.793108
-17.424456 14.40965 -11.426755
-15.016025 14.386482 -12.845585