-8.439641 14.466523 -21.623732
3.053303 14.448383 -31.457731
17.444386 14.438391 -43.094864
32.719257 14.41191 -53.443317
52.479572 14.397436 -64.00374
68.30457 14.480408 -73.751595
77.22014 14.548206 -84.64341
77.337746 15.213819 -95.87081
74.41686 17.290308 -103.53698
67.965485 20.964092 -113.15279
55.200882 24.563128 -125.62907
35.53947 22.895088 -142.88666
24.567623 20.175798 -151.5817
1.5840095 15.090862 -166.572
-13.434524 14.061187 -171.27966
-47.79594 14.104102 -178.74643
-72.91122 14.121979 -177.441
-94.599754 14.123543 -173.03711
-119.483894 14.117621 -166.49861
-150.85042 14.144757 -156.53793
-167.94281 14.147638 -149.4502
-186.19922 14.12989 -139.76349
-212.37318 14.133095 -121.72951
-228.38254 14.100812 -101.62254
-230.3143 14.057216 -75.207245
-225.7973 13.914067 -65.25896
-219.17603 13.684272 -59.18211
-212.99847 13.476688 -56.27032
-201.71907 13.130973 -53.690655
-191.2651 12.85311 -53.39914
-174.49348 12.503791 -55.604492
-158.64938 12.302876 -60.192974
-144.51007 12.234666 -65.79516
-115.14383 12.483202 -78.57569
-89.38551 13.001039 -90.19284
-67.143135 13.631037 -100.985916
-32.07569 14.332572 -117.41327
5.512815 14.345737 -131.34886
23.004936 14.367263 -133.29797
43.41257 14.378817 -133.69211
67.17583 14.381251 -133.56326
92.39935 14.36546 -132.47067
104.73821 14.342276 -130.26979
116.09633 14.33592 -126.25089
128.42781 14.337584 -117.72253
137.77248 14.335192 -104.014305
142.06442 14.351549 -86.5515
139.90799 14.339752 -71.308395
130.82135 14.3278885 -59.26927
114.72378 14.352933 -45.488068
85.45562 14.415797 -20.474802
69.53692 14.4060955 -5.3757963
57.172806 14.416791 13.120238
52.814217 14.43922 28.801569
49.52893 14.436196 44.286133
45.68652 14.446928 64.76436
41.21056 14.44799 88.594826
37.062984 14.434043 105.83927
30.207651 14.436899 118.67037
18.291504 14.414973 130.42082
3.5637891 14.429496 140.18137
-17.985704 14.395168 145.90204
-36.44996 14.430418 146.37044
-56.024033 14.473048 141.01611
-64.580826 14.411747 135.685
-76.48144 14.362714 122.988434
-82.76344 14.369005 107.01281
-82.76492 14.386039 91.50199
-78.03203 14.403559 73.06588
-72.03095 14.410933 59.064587
-28.098288 14.517225 -3.3311408
-13.336415 14.5294485 -18.472855